1 0.7234375 0.46875 0.04375 0.06527777777777778
1 0.637890625 0.3993055555555556 0.03046875 0.05694444444444444
1 0.94140625 0.35694444444444445 0.034375 0.05
1 0.4984375 0.3215277777777778 0.021875 0.034722222222222224
1 0.88671875 0.32569444444444445 0.0296875 0.04861111111111111
1 0.64140625 0.3770833333333333 0.0265625 0.0375
1 0.651171875 0.36319444444444443 0.02578125 0.043055555555555555
0 0.902734375 0.4131944444444444 0.04140625 0.05694444444444444
0 0.79609375 0.33958333333333335 0.028125 0.04583333333333333
0 0.780859375 0.30625 0.02421875 0.0375
0 0.872265625 0.3076388888888889 0.02578125 0.043055555555555555
0 0.419921875 0.3597222222222222 0.02109375 0.044444444444444446
0 0.43671875 0.3416666666666667 0.0203125 0.041666666666666664
0 0.44765625 0.32222222222222224 0.0171875 0.03611111111111111
0 0.486328125 0.28541666666666665 0.01796875 0.03194444444444444
0 0.5359375 0.2951388888888889 0.0171875 0.03194444444444444
0 0.57265625 0.3076388888888889 0.0203125 0.0375
0 0.55390625 0.29444444444444445 0.0171875 0.03611111111111111
