0 0.84609375 0.43333333333333335 0.0640625 0.09166666666666666
0 0.622265625 0.31875 0.04765625 0.08194444444444444
0 0.545703125 0.20208333333333334 0.03515625 0.06527777777777778
0 0.6375 0.18125 0.034375 0.0625
1 0.284765625 0.4548611111111111 0.06796875 0.10694444444444444
1 0.477734375 0.22777777777777777 0.03828125 0.075
1 0.678125 0.21180555555555555 0.0359375 0.06805555555555555
1 0.756640625 0.2465277777777778 0.04140625 0.07361111111111111
0 0.069140625 0.4895833333333333 0.08828125 0.10694444444444444
0 0.01953125 0.4708333333333333 0.0375 0.10555555555555556
