1 0.473046875 0.3111111111111111 0.01484375 0.027777777777777776
1 0.489453125 0.31319444444444444 0.01328125 0.029166666666666667
1 0.519921875 0.325 0.01484375 0.027777777777777776
1 0.593359375 0.40694444444444444 0.02421875 0.03888888888888889
1 0.646484375 0.38055555555555554 0.01953125 0.03333333333333333
1 0.27109375 0.3486111111111111 0.028125 0.044444444444444446
1 0.338671875 0.32569444444444445 0.02265625 0.04027777777777778
0 0.207421875 0.31805555555555554 0.02734375 0.044444444444444446
0 0.232421875 0.3284722222222222 0.02734375 0.043055555555555555
0 0.291796875 0.3388888888888889 0.02265625 0.041666666666666664
0 0.305859375 0.28055555555555556 0.01796875 0.027777777777777776
0 0.37421875 0.29097222222222224 0.0171875 0.029166666666666667
0 0.412109375 0.30694444444444446 0.01796875 0.030555555555555555
