1 0.13359375 0.3715277777777778 0.0453125 0.07083333333333333
0 0.324609375 0.3375 0.04140625 0.06388888888888888
0 0.606640625 0.43680555555555556 0.05703125 0.10138888888888889
0 0.682421875 0.5027777777777778 0.07265625 0.12222222222222222
0 0.71640625 0.40625 0.0578125 0.09027777777777778
0 0.625390625 0.2708333333333333 0.03203125 0.05555555555555555
0 0.6390625 0.3090277777777778 0.0390625 0.06805555555555555
0 0.65546875 0.28958333333333336 0.0328125 0.059722222222222225
1 0.676171875 0.6652777777777777 0.10078125 0.16944444444444445
1 0.920703125 0.5055555555555555 0.09140625 0.12222222222222222
1 0.761328125 0.39652777777777776 0.05703125 0.0875
1 0.415625 0.3111111111111111 0.034375 0.06388888888888888
1 0.457421875 0.3055555555555556 0.03359375 0.06388888888888888
1 0.49375 0.2923611111111111 0.0328125 0.059722222222222225
