1 0.751953125 0.7215277777777778 0.11640625 0.1875
1 0.8640625 0.4395833333333333 0.065625 0.10416666666666667
1 0.490234375 0.32708333333333334 0.03359375 0.059722222222222225
1 0.530078125 0.3229166666666667 0.03515625 0.0625
1 0.566796875 0.31180555555555556 0.03203125 0.05694444444444444
1 0.05703125 0.4125 0.046875 0.06111111111111111
1 0.24296875 0.3638888888888889 0.0390625 0.06111111111111111
0 0.765234375 0.5486111111111112 0.08828125 0.13333333333333333
0 0.681640625 0.4666666666666667 0.06328125 0.10555555555555556
0 0.809375 0.44583333333333336 0.06875 0.09722222222222222
0 0.72109375 0.3347222222222222 0.04375 0.07222222222222222
0 0.706640625 0.29305555555555557 0.03515625 0.058333333333333334
0 0.740625 0.3159722222222222 0.0375 0.06527777777777778
0 0.405859375 0.3458333333333333 0.03515625 0.058333333333333334
0 0.007421875 0.47152777777777777 0.01328125 0.05694444444444444
0 0.0765625 0.3888888888888889 0.0421875 0.058333333333333334
