1 0.728515625 0.4597222222222222 0.11484375 0.18611111111111112
1 0.716796875 0.2923611111111111 0.06015625 0.09861111111111111
1 0.58046875 0.28541666666666665 0.0421875 0.06805555555555555
1 0.08828125 0.4222222222222222 0.08125 0.10555555555555556
1 0.16953125 0.3798611111111111 0.0671875 0.09583333333333334
1 0.223046875 0.34652777777777777 0.05546875 0.08472222222222223
0 0.4953125 0.37430555555555556 0.0671875 0.12083333333333333
0 0.606640625 0.37222222222222223 0.07265625 0.13055555555555556
0 0.559765625 0.31180555555555556 0.05078125 0.09583333333333334
0 0.382421875 0.27361111111111114 0.03671875 0.06388888888888888
0 0.425390625 0.28958333333333336 0.04296875 0.07361111111111111
0 0.428125 0.25416666666666665 0.0375 0.027777777777777776
