0 0.662890625 0.3888888888888889 0.03515625 0.058333333333333334
0 0.708203125 0.41041666666666665 0.04609375 0.0763888888888889
0 0.71015625 0.3729166666666667 0.040625 0.029166666666666667
0 0.798828125 0.5256944444444445 0.09140625 0.13472222222222222
0 0.889453125 0.46875 0.08203125 0.11527777777777778
0 0.953515625 0.5715277777777777 0.09296875 0.1736111111111111
0 0.334765625 0.5138888888888888 0.05234375 0.08333333333333333
1 0.44609375 0.4666666666666667 0.04375 0.075
1 0.495703125 0.4513888888888889 0.03984375 0.075
1 0.53125 0.4326388888888889 0.0359375 0.06527777777777778
1 0.92578125 0.4479166666666667 0.065625 0.10972222222222222
