1 0.86875 0.6104166666666667 0.1375 0.19583333333333333
1 0.858203125 0.41458333333333336 0.07421875 0.10416666666666667
1 0.7015625 0.38958333333333334 0.04375 0.08472222222222223
1 0.26875 0.42569444444444443 0.0578125 0.09027777777777778
1 0.33046875 0.40694444444444444 0.0484375 0.08055555555555556
1 0.372265625 0.38680555555555557 0.04296875 0.07083333333333333
0 0.728515625 0.4791666666666667 0.08203125 0.12777777777777777
0 0.6109375 0.45902777777777776 0.065625 0.11527777777777778
0 0.676171875 0.4076388888888889 0.05390625 0.09027777777777778
0 0.5046875 0.3423611111111111 0.03125 0.05694444444444444
0 0.544140625 0.36319444444444443 0.03828125 0.06805555555555555
0 0.544921875 0.33194444444444443 0.03359375 0.027777777777777776
0 0.11484375 0.4986111111111111 0.0796875 0.10555555555555556
