0 0.139453125 0.7263888888888889 0.14609375 0.20555555555555555
0 0.22578125 0.4263888888888889 0.0609375 0.08611111111111111
0 0.4 0.32708333333333334 0.040625 0.07083333333333333
0 0.551171875 0.3659722222222222 0.05390625 0.10138888888888889
0 0.532421875 0.2625 0.02890625 0.05555555555555555
0 0.604296875 0.2861111111111111 0.04453125 0.05555555555555555
0 0.694921875 0.3076388888888889 0.04921875 0.08472222222222223
1 0.645703125 0.33402777777777776 0.05390625 0.09583333333333334
1 0.596875 0.3229166666666667 0.0453125 0.0875
1 0.718359375 0.2902777777777778 0.04140625 0.08055555555555556
1 0.837109375 0.3159722222222222 0.06796875 0.10138888888888889
1 0.870703125 0.2986111111111111 0.05390625 0.1
1 0.3328125 0.36041666666666666 0.046875 0.07361111111111111
1 0.45390625 0.3263888888888889 0.040625 0.07222222222222222
