1 0.2796875 0.45 0.0671875 0.10555555555555556
1 0.446875 0.4361111111111111 0.05625 0.09722222222222222
1 0.683203125 0.525 0.07890625 0.13055555555555556
1 0.7734375 0.6055555555555555 0.103125 0.15833333333333333
1 0.823828125 0.475 0.07421875 0.10555555555555556
1 0.987109375 0.6208333333333333 0.02578125 0.1361111111111111
0 0.381640625 0.4111111111111111 0.05546875 0.09444444444444444
0 0.10078125 0.5520833333333334 0.1 0.12916666666666668
0 0.567578125 0.6277777777777778 0.09296875 0.1638888888888889
0 0.5640625 0.33055555555555555 0.0375 0.06944444444444445
0 0.66796875 0.4465277777777778 0.065625 0.09305555555555556
0 0.8 0.5104166666666666 0.08125 0.11527777777777778
