0 0.181640625 0.5097222222222222 0.08359375 0.1111111111111111
0 0.43671875 0.39791666666666664 0.0515625 0.09305555555555556
0 0.618359375 0.3263888888888889 0.03984375 0.07222222222222222
0 0.633984375 0.6027777777777777 0.09296875 0.1638888888888889
0 0.72734375 0.45069444444444445 0.071875 0.09583333333333334
0 0.875 0.525 0.096875 0.11944444444444445
1 0.33828125 0.43194444444444446 0.0625 0.09444444444444444
1 0.486328125 0.42430555555555555 0.05546875 0.09861111111111111
1 0.740625 0.5381944444444444 0.0875 0.1375
1 0.8484375 0.6145833333333334 0.115625 0.16805555555555557
1 0.901953125 0.4895833333333333 0.08984375 0.11805555555555555
