1 0.030859375 0.46597222222222223 0.06015625 0.10972222222222222
1 0.203125 0.3861111111111111 0.0625 0.09166666666666666
1 0.635546875 0.30486111111111114 0.04140625 0.07361111111111111
1 0.78125 0.32013888888888886 0.0578125 0.06527777777777778
1 0.9609375 0.44305555555555554 0.078125 0.12777777777777777
0 0.653515625 0.3298611111111111 0.05078125 0.0875
0 0.5953125 0.26666666666666666 0.0328125 0.06111111111111111
0 0.776953125 0.3638888888888889 0.06328125 0.09444444444444444
0 0.109765625 0.7638888888888888 0.17421875 0.24166666666666667
0 0.389453125 0.3423611111111111 0.04921875 0.0875
0 0.296875 0.3611111111111111 0.053125 0.08333333333333333
