1 0.546484375 0.23194444444444445 0.03671875 0.07222222222222222
1 0.58203125 0.23472222222222222 0.0359375 0.06944444444444445
1 0.640625 0.20833333333333334 0.0359375 0.06666666666666667
1 0.8328125 0.2881944444444444 0.046875 0.07083333333333333
0 0.436328125 0.3020833333333333 0.04140625 0.07916666666666666
0 0.476953125 0.2534722222222222 0.03984375 0.0763888888888889
0 0.50703125 0.20277777777777778 0.0328125 0.06666666666666667
0 0.593359375 0.11319444444444444 0.03046875 0.059722222222222225
0 0.563671875 0.19305555555555556 0.03515625 0.044444444444444446
0 0.7109375 0.20277777777777778 0.0390625 0.07222222222222222
0 0.7265625 0.2604166666666667 0.04375 0.07361111111111111
0 0.067578125 0.19166666666666668 0.03671875 0.06111111111111111
