0 0.1265625 0.30833333333333335 0.090625 0.12222222222222222
0 0.240625 0.31527777777777777 0.0796875 0.125
0 0.45234375 0.15208333333333332 0.0484375 0.10138888888888889
0 0.645703125 0.6416666666666667 0.10234375 0.17777777777777778
0 0.8015625 0.22916666666666666 0.05625 0.09166666666666666
0 0.962890625 0.3423611111111111 0.07421875 0.10138888888888889
0 0.8921875 0.7986111111111112 0.1328125 0.20277777777777778
1 0.1765625 0.9493055555555555 0.1640625 0.10138888888888889
1 0.28359375 0.20833333333333334 0.065625 0.11388888888888889
1 0.534765625 0.6013888888888889 0.09609375 0.17222222222222222
1 0.2875 0.12152777777777778 0.053125 0.09027777777777778
1 0.557421875 0.16041666666666668 0.04765625 0.09305555555555556
