1 0.223828125 0.31805555555555554 0.06953125 0.10555555555555556
1 0.23359375 0.23680555555555555 0.059375 0.09305555555555556
1 0.50703125 0.24444444444444444 0.046875 0.09166666666666666
1 0.5046875 0.6909722222222222 0.0984375 0.18194444444444444
0 0.40390625 0.2465277777777778 0.05 0.09027777777777778
0 0.61875 0.7097222222222223 0.1046875 0.18333333333333332
0 0.73671875 0.27847222222222223 0.0484375 0.08472222222222223
0 0.89296875 0.35694444444444445 0.0671875 0.09722222222222222
0 0.867578125 0.8194444444444444 0.12890625 0.19444444444444445
0 0.056640625 0.4479166666666667 0.10234375 0.12916666666666668
0 0.184765625 0.4375 0.08984375 0.12777777777777777
