0 0.20703125 0.6201388888888889 0.121875 0.1763888888888889
0 0.0671875 0.6402777777777777 0.13125 0.175
0 0.420703125 0.2534722222222222 0.06171875 0.10972222222222222
0 0.86015625 0.8097222222222222 0.153125 0.23333333333333334
0 0.79296875 0.19305555555555556 0.0578125 0.09166666666666666
0 0.984765625 0.33819444444444446 0.03046875 0.12083333333333333
1 0.2421875 0.4131944444444444 0.090625 0.1375
1 0.186328125 0.3055555555555556 0.07734375 0.11388888888888889
1 0.54140625 0.21458333333333332 0.0546875 0.10416666666666667
1 0.733203125 0.8486111111111111 0.14140625 0.24722222222222223
