1 0.801953125 0.44166666666666665 0.08046875 0.12222222222222222
1 0.771875 0.2861111111111111 0.0578125 0.09166666666666666
1 0.826171875 0.17916666666666667 0.04140625 0.06388888888888888
1 0.964453125 0.26458333333333334 0.05390625 0.06805555555555555
1 0.294140625 0.30625 0.07265625 0.11805555555555555
0 0.13671875 0.4097222222222222 0.1 0.1388888888888889
0 0.5421875 0.20277777777777778 0.0453125 0.08888888888888889
0 0.719921875 0.2652777777777778 0.05703125 0.09444444444444444
0 0.78203125 0.13055555555555556 0.0359375 0.06111111111111111
0 0.90234375 0.25416666666666665 0.0515625 0.07777777777777778
0 0.980078125 0.29791666666666666 0.03984375 0.07916666666666666
