0 0.01875 0.5888888888888889 0.0359375 0.08055555555555556
0 0.046875 0.5006944444444444 0.059375 0.07361111111111111
0 0.08203125 0.41805555555555557 0.046875 0.06388888888888888
0 0.1359375 0.35555555555555557 0.0359375 0.044444444444444446
0 0.17734375 0.2548611111111111 0.0375 0.05416666666666667
0 0.28203125 0.23194444444444445 0.0359375 0.05
0 0.28828125 0.2777777777777778 0.040625 0.06666666666666667
0 0.65859375 0.10208333333333333 0.034375 0.07083333333333333
0 0.671484375 0.22847222222222222 0.04765625 0.08472222222222223
0 0.778515625 0.08541666666666667 0.04140625 0.0763888888888889
0 0.86953125 0.4152777777777778 0.071875 0.1111111111111111
1 0.12265625 0.4083333333333333 0.05 0.06388888888888888
1 0.158203125 0.3798611111111111 0.04609375 0.06527777777777778
1 0.209765625 0.3138888888888889 0.04140625 0.06388888888888888
1 0.3796875 0.2263888888888889 0.0375 0.06666666666666667
1 0.582421875 0.12222222222222222 0.03359375 0.06944444444444445
1 0.8078125 0.12777777777777777 0.0453125 0.08055555555555556
1 0.896484375 0.18333333333333332 0.05859375 0.09166666666666666
