0 0.321484375 0.93125 0.11640625 0.1375
0 0.111328125 0.5909722222222222 0.09296875 0.12638888888888888
0 0.207421875 0.3958333333333333 0.06796875 0.1
0 0.580859375 0.25 0.04765625 0.09722222222222222
0 0.87734375 0.5118055555555555 0.090625 0.12638888888888888
0 0.8796875 0.14166666666666666 0.053125 0.08055555555555556
0 0.973828125 0.2708333333333333 0.05234375 0.1
0 0.993359375 0.6451388888888889 0.01328125 0.10416666666666667
1 0.07109375 0.25277777777777777 0.0578125 0.08055555555555556
1 0.83984375 0.9097222222222222 0.1375 0.18055555555555555
1 0.787109375 0.12291666666666666 0.04765625 0.07916666666666666
1 0.83046875 0.13472222222222222 0.05 0.07777777777777778
1 0.90234375 0.175 0.0578125 0.08888888888888889
1 0.900390625 0.3090277777777778 0.07265625 0.10694444444444444
