1 0.61328125 0.13055555555555556 0.034375 0.07222222222222222
1 0.65 0.13541666666666666 0.0359375 0.07083333333333333
1 0.7078125 0.15763888888888888 0.040625 0.07361111111111111
1 0.716796875 0.27361111111111114 0.05390625 0.09166666666666666
1 0.76171875 0.5326388888888889 0.084375 0.12916666666666668
1 0.915625 0.42916666666666664 0.0734375 0.10555555555555556
1 0.9796875 0.49583333333333335 0.040625 0.1111111111111111
0 0.687109375 0.13055555555555556 0.03671875 0.06944444444444445
0 0.773046875 0.22083333333333333 0.04921875 0.08055555555555556
0 0.847265625 0.4305555555555556 0.07890625 0.08055555555555556
0 0.849609375 0.5194444444444445 0.08828125 0.12777777777777777
0 0.9125 0.6388888888888888 0.1109375 0.05555555555555555
0 0.415625 0.26319444444444445 0.0515625 0.09305555555555556
