0 0.59375 0.19583333333333333 0.034375 0.06388888888888888
0 0.674609375 0.27291666666666664 0.04453125 0.07916666666666666
0 0.75390625 0.5375 0.075 0.11666666666666667
0 0.750390625 0.6645833333333333 0.09453125 0.14305555555555555
0 0.825 0.6368055555555555 0.09375 0.1375
1 0.72734375 0.7694444444444445 0.1046875 0.14722222222222223
1 0.830078125 0.47291666666666665 0.07109375 0.10416666666666667
1 0.898828125 0.5069444444444444 0.07890625 0.10555555555555556
1 0.519921875 0.19791666666666666 0.03671875 0.07083333333333333
1 0.55703125 0.20069444444444445 0.034375 0.06805555555555555
1 0.612109375 0.21875 0.03828125 0.07083333333333333
1 0.621875 0.3277777777777778 0.0484375 0.08888888888888889
0 0.318359375 0.3763888888888889 0.06171875 0.10277777777777777
