1 0.750390625 0.8465277777777778 0.09921875 0.12638888888888888
1 0.83515625 0.5888888888888889 0.0703125 0.10277777777777777
1 0.91328125 0.6333333333333333 0.075 0.1
1 0.54765625 0.3020833333333333 0.0328125 0.059722222222222225
1 0.58125 0.30625 0.0328125 0.059722222222222225
1 0.63125 0.3263888888888889 0.0375 0.06388888888888888
1 0.639453125 0.4284722222222222 0.04609375 0.07916666666666666
0 0.7265625 0.65 0.06875 0.1111111111111111
0 0.800390625 0.6972222222222222 0.08203125 0.11666666666666667
0 0.801953125 0.8076388888888889 0.09609375 0.15138888888888888
0 0.614453125 0.3034722222222222 0.03046875 0.05694444444444444
0 0.691015625 0.38263888888888886 0.04140625 0.07083333333333333
0 0.342578125 0.41458333333333336 0.05546875 0.08472222222222223
