1 0.7046875 0.8048611111111111 0.090625 0.15138888888888888
1 0.780859375 0.5354166666666667 0.06171875 0.09583333333333334
1 0.85078125 0.5701388888888889 0.0671875 0.09583333333333334
1 0.504296875 0.26875 0.03359375 0.0625
1 0.5375 0.27291666666666664 0.0328125 0.059722222222222225
1 0.58828125 0.2916666666666667 0.034375 0.06388888888888888
1 0.59765625 0.39305555555555555 0.0453125 0.08055555555555556
0 0.259765625 0.4527777777777778 0.06640625 0.10277777777777777
0 0.68203125 0.6027777777777777 0.065625 0.10833333333333334
0 0.748828125 0.6361111111111111 0.07734375 0.10277777777777777
0 0.753125 0.74375 0.0859375 0.14027777777777778
0 0.57109375 0.26875 0.0296875 0.059722222222222225
0 0.646484375 0.3451388888888889 0.03984375 0.06805555555555555
