0 0.82265625 0.7493055555555556 0.096875 0.15416666666666667
0 0.823828125 0.6402777777777777 0.08984375 0.11388888888888889
0 0.75078125 0.5888888888888889 0.075 0.11666666666666667
0 0.648046875 0.22430555555555556 0.03515625 0.0625
0 0.7265625 0.3125 0.0453125 0.075
0 0.351171875 0.35833333333333334 0.05546875 0.09444444444444444
1 0.763671875 0.7986111111111112 0.09765625 0.15833333333333333
1 0.869140625 0.5368055555555555 0.07265625 0.10138888888888889
1 0.949609375 0.5895833333333333 0.08359375 0.10416666666666667
1 0.57734375 0.22152777777777777 0.034375 0.06805555555555555
1 0.6109375 0.22569444444444445 0.034375 0.06527777777777778
1 0.666015625 0.25069444444444444 0.03828125 0.06805555555555555
1 0.669140625 0.35833333333333334 0.04921875 0.08333333333333333
