1 0.658984375 0.4097222222222222 0.04140625 0.07222222222222222
1 0.796875 0.3854166666666667 0.0453125 0.06805555555555555
1 0.84609375 0.42083333333333334 0.046875 0.07222222222222222
1 0.7046875 0.29583333333333334 0.03125 0.05277777777777778
1 0.678515625 0.2361111111111111 0.02265625 0.041666666666666664
1 0.701953125 0.24166666666666667 0.02578125 0.044444444444444446
1 0.737109375 0.25972222222222224 0.02890625 0.04722222222222222
1 0.276953125 0.23125 0.02578125 0.04027777777777778
0 0.27734375 0.41597222222222224 0.0453125 0.07083333333333333
0 0.23984375 0.29097222222222224 0.0328125 0.05138888888888889
0 0.33125 0.29305555555555557 0.03125 0.05277777777777778
0 0.34921875 0.22361111111111112 0.0234375 0.041666666666666664
0 0.5265625 0.2534722222222222 0.0265625 0.04861111111111111
0 0.70078125 0.4131944444444444 0.0421875 0.0763888888888889
0 0.696484375 0.36319444444444443 0.03828125 0.04861111111111111
0 0.729296875 0.3951388888888889 0.03984375 0.07361111111111111
0 0.730859375 0.2423611111111111 0.02578125 0.0375
0 0.7640625 0.2923611111111111 0.0328125 0.05138888888888889
