0 0.715625 0.4340277777777778 0.0453125 0.07916666666666666
0 0.7109375 0.3819444444444444 0.040625 0.05277777777777778
0 0.744921875 0.41597222222222224 0.04140625 0.07361111111111111
0 0.78046875 0.3013888888888889 0.034375 0.05555555555555555
0 0.7453125 0.2520833333333333 0.028125 0.04583333333333333
0 0.276171875 0.44305555555555554 0.04765625 0.07222222222222222
0 0.2421875 0.30625 0.0359375 0.05416666666666667
0 0.334375 0.30972222222222223 0.03125 0.05555555555555555
0 0.53203125 0.26458333333333334 0.0265625 0.05138888888888889
0 0.35390625 0.23402777777777778 0.025 0.04027777777777778
1 0.282421875 0.24305555555555555 0.02578125 0.041666666666666664
1 0.669921875 0.43333333333333335 0.04296875 0.07777777777777778
1 0.816015625 0.4048611111111111 0.04765625 0.06805555555555555
1 0.86875 0.44166666666666665 0.0515625 0.075
1 0.68984375 0.24027777777777778 0.028125 0.044444444444444446
1 0.715234375 0.24791666666666667 0.02421875 0.043055555555555555
1 0.717578125 0.30625 0.03359375 0.05416666666666667
1 0.7515625 0.26666666666666666 0.0296875 0.04722222222222222
