1 0.6734375 0.4 0.0484375 0.07777777777777778
1 0.875390625 0.3923611111111111 0.05390625 0.08194444444444444
1 0.820703125 0.3548611111111111 0.05078125 0.07361111111111111
1 0.68203125 0.1909722222222222 0.0234375 0.04861111111111111
1 0.708984375 0.19583333333333333 0.02734375 0.05
1 0.71484375 0.2604166666666667 0.0328125 0.05694444444444444
1 0.74609375 0.21319444444444444 0.03125 0.04861111111111111
1 0.252734375 0.2298611111111111 0.02890625 0.043055555555555555
0 0.5203125 0.22916666666666666 0.0265625 0.05277777777777778
0 0.719921875 0.39861111111111114 0.04921875 0.08055555555555556
0 0.712109375 0.3423611111111111 0.04140625 0.059722222222222225
0 0.748046875 0.37569444444444444 0.04453125 0.07916666666666666
0 0.738671875 0.19652777777777777 0.02578125 0.04583333333333333
0 0.778125 0.24930555555555556 0.0359375 0.05694444444444444
0 0.21484375 0.30486111111111114 0.0359375 0.05694444444444444
0 0.256640625 0.4513888888888889 0.05078125 0.07777777777777778
0 0.3125 0.2965277777777778 0.034375 0.05694444444444444
0 0.3296875 0.21319444444444444 0.025 0.043055555555555555
