0 0.7109375 0.14930555555555555 0.0328125 0.05694444444444444
0 0.9296875 0.32430555555555557 0.0625 0.0625
0 0.928515625 0.3951388888888889 0.07109375 0.09305555555555556
0 0.972265625 0.38055555555555554 0.05546875 0.09722222222222222
0 0.447265625 0.31180555555555556 0.03828125 0.07361111111111111
0 0.425 0.1798611111111111 0.025 0.04861111111111111
0 0.5015625 0.1875 0.028125 0.05277777777777778
0 0.522265625 0.10972222222222222 0.02109375 0.044444444444444446
1 0.458203125 0.11875 0.02109375 0.043055555555555555
1 0.866796875 0.3784722222222222 0.06328125 0.09305555555555556
1 0.927734375 0.1375 0.03984375 0.06111111111111111
1 0.965625 0.15 0.040625 0.058333333333333334
1 0.957421875 0.22916666666666666 0.05078125 0.07222222222222222
1 0.996875 0.18541666666666667 0.00625 0.04861111111111111
0 0.994140625 0.16319444444444445 0.01171875 0.05138888888888889
