0 0.712109375 0.42916666666666664 0.04609375 0.075
0 0.705078125 0.37430555555555556 0.04140625 0.05416666666666667
0 0.739453125 0.4083333333333333 0.04296875 0.075
0 0.733984375 0.24097222222222223 0.02421875 0.043055555555555555
0 0.76875 0.2923611111111111 0.034375 0.05416666666666667
0 0.264453125 0.43680555555555556 0.05078125 0.07361111111111111
0 0.2234375 0.29444444444444445 0.0359375 0.05555555555555555
0 0.3203125 0.29791666666666666 0.0328125 0.05694444444444444
0 0.338671875 0.21666666666666667 0.02578125 0.044444444444444446
0 0.524609375 0.2513888888888889 0.02578125 0.05
1 0.26171875 0.22361111111111112 0.0265625 0.044444444444444446
1 0.6671875 0.4263888888888889 0.04375 0.075
1 0.80625 0.3972222222222222 0.046875 0.06944444444444445
1 0.85703125 0.4354166666666667 0.05 0.07083333333333333
1 0.71015625 0.29791666666666666 0.0328125 0.05416666666666667
1 0.741015625 0.25555555555555554 0.02890625 0.044444444444444446
1 0.680859375 0.2326388888888889 0.02421875 0.04583333333333333
1 0.705859375 0.23819444444444443 0.02578125 0.043055555555555555
