1 0.6 0.5194444444444445 0.053125 0.08888888888888889
1 0.60625 0.2722222222222222 0.0328125 0.058333333333333334
1 0.59296875 0.23958333333333334 0.0296875 0.05416666666666667
1 0.63828125 0.18680555555555556 0.025 0.04861111111111111
1 0.848046875 0.2951388888888889 0.03828125 0.05416666666666667
1 0.204296875 0.2625 0.04453125 0.06666666666666667
0 0.26171875 0.2520833333333333 0.0421875 0.06805555555555555
0 0.21796875 0.3368055555555556 0.05 0.07916666666666666
0 0.384765625 0.2611111111111111 0.03671875 0.06944444444444445
0 0.3671875 0.46458333333333335 0.0515625 0.09305555555555556
0 0.35078125 0.15763888888888888 0.025 0.05138888888888889
1 0.28515625 0.15902777777777777 0.0296875 0.05138888888888889
1 0.25859375 0.19305555555555556 0.0359375 0.05555555555555555
0 0.539453125 0.39305555555555555 0.04296875 0.07777777777777778
0 0.51328125 0.16944444444444445 0.028125 0.05277777777777778
0 0.33515625 0.14583333333333334 0.021875 0.044444444444444446
0 0.594140625 0.2076388888888889 0.03203125 0.034722222222222224
0 0.83359375 0.27152777777777776 0.0359375 0.04861111111111111
