0 0.51015625 0.5361111111111111 0.04375 0.08888888888888889
0 0.4109375 0.39166666666666666 0.0359375 0.06388888888888888
0 0.544140625 0.35694444444444445 0.03359375 0.06388888888888888
0 0.441796875 0.3375 0.02890625 0.058333333333333334
0 0.698828125 0.5222222222222223 0.06015625 0.09166666666666666
0 0.51953125 0.2652777777777778 0.025 0.044444444444444446
0 0.50703125 0.25555555555555554 0.01875 0.044444444444444446
0 0.6734375 0.2777777777777778 0.0265625 0.05277777777777778
0 0.76484375 0.3173611111111111 0.0375 0.0375
1 0.39765625 0.3375 0.03125 0.05
1 0.444140625 0.28541666666666665 0.02578125 0.043055555555555555
1 0.46796875 0.26319444444444445 0.025 0.04027777777777778
1 0.775390625 0.38958333333333334 0.04140625 0.06527777777777778
1 0.762890625 0.35208333333333336 0.03828125 0.05416666666666667
1 0.8203125 0.30069444444444443 0.034375 0.05416666666666667
1 0.812890625 0.6402777777777777 0.07265625 0.1111111111111111
