1 0.92265625 0.7361111111111112 0.09375 0.13055555555555556
1 0.867578125 0.43472222222222223 0.05078125 0.06944444444444445
1 0.928515625 0.34444444444444444 0.03984375 0.06388888888888888
1 0.856640625 0.38958333333333334 0.04453125 0.059722222222222225
1 0.513671875 0.28125 0.02421875 0.043055555555555555
1 0.539453125 0.26180555555555557 0.02734375 0.04583333333333333
1 0.468359375 0.3277777777777778 0.02890625 0.05
0 0.569140625 0.5361111111111111 0.05078125 0.08888888888888889
0 0.7734375 0.5604166666666667 0.0640625 0.10694444444444444
0 0.757421875 0.2986111111111111 0.03203125 0.05
0 0.858984375 0.3506944444444444 0.03984375 0.034722222222222224
0 0.61171875 0.36319444444444443 0.034375 0.05694444444444444
0 0.591796875 0.26666666666666666 0.02421875 0.03888888888888889
0 0.47734375 0.37916666666666665 0.0328125 0.058333333333333334
0 0.512109375 0.33055555555555555 0.03203125 0.05555555555555555
0 0.580859375 0.25625 0.01796875 0.04861111111111111
