0 0.4453125 0.175 0.028125 0.05555555555555555
0 0.48515625 0.15763888888888888 0.028125 0.05694444444444444
0 0.5265625 0.13819444444444445 0.021875 0.04861111111111111
0 0.565625 0.1326388888888889 0.025 0.04027777777777778
0 0.638671875 0.10069444444444445 0.02578125 0.05416666666666667
0 0.666015625 0.18263888888888888 0.03828125 0.07361111111111111
0 0.6875 0.15138888888888888 0.034375 0.06111111111111111
0 0.749609375 0.1701388888888889 0.03515625 0.07361111111111111
1 0.537109375 0.15416666666666667 0.02578125 0.05555555555555555
1 0.562890625 0.15902777777777777 0.02734375 0.05694444444444444
1 0.61796875 0.15069444444444444 0.03125 0.0625
1 0.720703125 0.19236111111111112 0.03984375 0.07083333333333333
0 0.392578125 0.13402777777777777 0.02421875 0.043055555555555555
1 0.284765625 0.13333333333333333 0.01953125 0.030555555555555555
