0 0.579296875 0.6201388888888889 0.05078125 0.07916666666666666
0 0.883984375 0.45555555555555555 0.03515625 0.05277777777777778
0 0.626171875 0.41597222222222224 0.03203125 0.034722222222222224
0 0.5453125 0.38958333333333334 0.025 0.05416666666666667
0 0.4234375 0.48125 0.0390625 0.0625
0 0.3921875 0.6909722222222222 0.0546875 0.09583333333333334
0 0.27265625 0.5451388888888888 0.046875 0.07083333333333333
0 0.3125 0.475 0.0421875 0.06666666666666667
0 0.396484375 0.38819444444444445 0.02265625 0.04583333333333333
0 0.383984375 0.37569444444444444 0.01953125 0.04027777777777778
1 0.25625 0.48541666666666666 0.0375 0.05694444444444444
1 0.312890625 0.4201388888888889 0.03359375 0.043055555555555555
1 0.340234375 0.38680555555555557 0.02734375 0.04861111111111111
1 0.669140625 0.39166666666666666 0.02734375 0.04722222222222222
1 0.69453125 0.7319444444444444 0.0609375 0.10555555555555556
1 0.638671875 0.4777777777777778 0.03515625 0.05555555555555555
1 0.625390625 0.44583333333333336 0.03046875 0.04722222222222222
1 0.905859375 0.4826388888888889 0.03984375 0.059722222222222225
