1 0.52421875 0.2743055555555556 0.01875 0.0375
1 0.519921875 0.2569444444444444 0.01953125 0.03333333333333333
1 0.5578125 0.23055555555555557 0.01875 0.03333333333333333
1 0.531640625 0.35625 0.03359375 0.05694444444444444
1 0.699609375 0.2708333333333333 0.02109375 0.03888888888888889
1 0.2609375 0.2847222222222222 0.025 0.044444444444444446
1 0.29453125 0.2465277777777778 0.021875 0.02638888888888889
1 0.3125 0.23402777777777778 0.021875 0.034722222222222224
0 0.28046875 0.30694444444444446 0.028125 0.041666666666666664
0 0.298828125 0.27708333333333335 0.02578125 0.04027777777777778
0 0.366796875 0.3548611111111111 0.03203125 0.05416666666666667
0 0.38125 0.27708333333333335 0.0234375 0.043055555555555555
0 0.356640625 0.2298611111111111 0.01796875 0.029166666666666667
0 0.469921875 0.22847222222222222 0.01796875 0.0375
0 0.475390625 0.32708333333333334 0.02734375 0.05138888888888889
0 0.3453125 0.22569444444444445 0.0125 0.034722222222222224
0 0.6921875 0.2590277777777778 0.01875 0.0375
