0 0.35234375 0.31666666666666665 0.0359375 0.06111111111111111
0 0.472265625 0.2708333333333333 0.03046875 0.06666666666666667
0 0.36796875 0.22152777777777777 0.028125 0.05138888888888889
0 0.259375 0.26944444444444443 0.0328125 0.05
0 0.279296875 0.22916666666666666 0.02890625 0.044444444444444446
0 0.342578125 0.16666666666666666 0.02109375 0.03333333333333333
0 0.32890625 0.16111111111111112 0.0140625 0.03611111111111111
0 0.46640625 0.15208333333333332 0.0234375 0.0375
0 0.5265625 0.16111111111111112 0.021875 0.030555555555555555
0 0.71328125 0.16666666666666666 0.01875 0.03888888888888889
1 0.2390625 0.2388888888888889 0.0296875 0.04722222222222222
1 0.275390625 0.19375 0.02578125 0.034722222222222224
1 0.29453125 0.175 0.0234375 0.03888888888888889
1 0.537890625 0.3055555555555556 0.03359375 0.06111111111111111
1 0.526953125 0.20277777777777778 0.02421875 0.04722222222222222
1 0.520703125 0.1798611111111111 0.02109375 0.03194444444444444
1 0.564453125 0.1451388888888889 0.02109375 0.04027777777777778
1 0.723828125 0.18472222222222223 0.02578125 0.044444444444444446
