1 0.70859375 0.1423611111111111 0.021875 0.0375
1 0.566015625 0.11041666666666666 0.01953125 0.034722222222222224
1 0.53046875 0.15694444444444444 0.0203125 0.044444444444444446
1 0.54140625 0.2361111111111111 0.028125 0.05277777777777778
1 0.5265625 0.1388888888888889 0.01875 0.03333333333333333
1 0.27109375 0.18125 0.0265625 0.043055555555555555
1 0.30078125 0.1423611111111111 0.021875 0.02638888888888889
1 0.316796875 0.12916666666666668 0.01953125 0.03333333333333333
0 0.293359375 0.20416666666666666 0.02890625 0.04722222222222222
0 0.308984375 0.1736111111111111 0.02421875 0.041666666666666664
0 0.3484375 0.11875 0.0125 0.03194444444444444
0 0.360546875 0.12430555555555556 0.01796875 0.034722222222222224
0 0.38828125 0.16805555555555557 0.0234375 0.044444444444444446
0 0.38125 0.24166666666666667 0.03125 0.058333333333333334
0 0.475390625 0.11527777777777778 0.01796875 0.044444444444444446
0 0.485546875 0.20972222222222223 0.03046875 0.05555555555555555
0 0.53046875 0.11944444444444445 0.01875 0.025
0 0.700390625 0.1326388888888889 0.02109375 0.04027777777777778
