1 0.573046875 0.4736111111111111 0.03203125 0.05555555555555555
1 0.566015625 0.39305555555555555 0.02109375 0.03611111111111111
1 0.561328125 0.37569444444444444 0.02109375 0.029166666666666667
1 0.600390625 0.35138888888888886 0.01953125 0.03333333333333333
1 0.7515625 0.3840277777777778 0.0234375 0.0375
1 0.3640625 0.36041666666666666 0.0203125 0.034722222222222224
1 0.345703125 0.36875 0.02265625 0.02361111111111111
1 0.312890625 0.4013888888888889 0.02265625 0.03888888888888889
0 0.330078125 0.4236111111111111 0.02421875 0.041666666666666664
0 0.348828125 0.39444444444444443 0.02421875 0.03611111111111111
0 0.40546875 0.3548611111111111 0.015625 0.03194444444444444
0 0.39453125 0.35138888888888886 0.0125 0.030555555555555555
0 0.42265625 0.3972222222222222 0.0265625 0.041666666666666664
0 0.405859375 0.4701388888888889 0.03046875 0.05416666666666667
0 0.5140625 0.44583333333333336 0.03125 0.05
0 0.5125 0.35208333333333336 0.0203125 0.034722222222222224
0 0.566796875 0.3611111111111111 0.02265625 0.025
0 0.73984375 0.3729166666666667 0.01875 0.0375
