1 0.32421875 0.3375 0.0265625 0.05
1 0.524609375 0.4861111111111111 0.03671875 0.075
1 0.560546875 0.4986111111111111 0.03984375 0.08333333333333333
1 0.63203125 0.3729166666666667 0.028125 0.05694444444444444
1 0.648828125 0.32569444444444445 0.02265625 0.04027777777777778
1 0.59296875 0.3840277777777778 0.0265625 0.05138888888888889
1 0.83046875 0.4111111111111111 0.028125 0.044444444444444446
1 0.603125 0.3458333333333333 0.01875 0.03333333333333333
0 0.8484375 0.44513888888888886 0.0390625 0.05416666666666667
0 0.814453125 0.5375 0.04765625 0.07777777777777778
0 0.82421875 0.38680555555555557 0.0296875 0.029166666666666667
0 0.61328125 0.3111111111111111 0.01875 0.019444444444444445
0 0.609765625 0.33055555555555555 0.02109375 0.025
0 0.542578125 0.31319444444444444 0.02109375 0.034722222222222224
0 0.567578125 0.35833333333333334 0.02421875 0.041666666666666664
0 0.562890625 0.32916666666666666 0.02109375 0.03611111111111111
0 0.458984375 0.42569444444444443 0.03046875 0.06527777777777778
0 0.376953125 0.4444444444444444 0.03671875 0.058333333333333334
