0 0.401171875 0.32916666666666666 0.03515625 0.06111111111111111
0 0.4890625 0.3215277777777778 0.03125 0.059722222222222225
0 0.548828125 0.19027777777777777 0.01953125 0.030555555555555555
0 0.56875 0.20694444444444443 0.021875 0.041666666666666664
0 0.580078125 0.2361111111111111 0.02265625 0.05277777777777778
0 0.619140625 0.19305555555555556 0.02109375 0.03888888888888889
0 0.66015625 0.22777777777777777 0.0265625 0.04722222222222222
0 0.826171875 0.4125 0.04765625 0.08333333333333333
0 0.871875 0.29930555555555555 0.034375 0.05694444444444444
0 0.844921875 0.23958333333333334 0.03359375 0.029166666666666667
1 0.853125 0.26805555555555555 0.0296875 0.05
1 0.637890625 0.2534722222222222 0.02890625 0.05138888888888889
1 0.672265625 0.1909722222222222 0.02734375 0.034722222222222224
1 0.641015625 0.2048611111111111 0.02265625 0.04583333333333333
1 0.547265625 0.2263888888888889 0.02265625 0.05555555555555555
1 0.461328125 0.34097222222222223 0.03515625 0.07083333333333333
1 0.390234375 0.18680555555555556 0.02578125 0.04027777777777778
1 0.322265625 0.2520833333333333 0.02734375 0.04583333333333333
