0 0.20546875 0.40902777777777777 0.0484375 0.06805555555555555
0 0.330859375 0.38125 0.03984375 0.07083333333333333
0 0.425390625 0.2951388888888889 0.02109375 0.04583333333333333
0 0.4125 0.2611111111111111 0.0234375 0.041666666666666664
0 0.38984375 0.24305555555555555 0.01875 0.03333333333333333
0 0.46171875 0.2465277777777778 0.021875 0.043055555555555555
0 0.503125 0.27569444444444446 0.025 0.043055555555555555
0 0.669140625 0.33125 0.02578125 0.05138888888888889
0 0.64140625 0.4284722222222222 0.0390625 0.0625
0 0.64609375 0.28194444444444444 0.025 0.022222222222222223
1 0.65546875 0.3090277777777778 0.0203125 0.04027777777777778
1 0.50859375 0.24375 0.021875 0.02361111111111111
1 0.48359375 0.25833333333333336 0.021875 0.03888888888888889
1 0.481640625 0.30625 0.02578125 0.04583333333333333
1 0.391015625 0.2798611111111111 0.02578125 0.043055555555555555
1 0.3 0.40625 0.040625 0.07083333333333333
1 0.2046875 0.24444444444444444 0.028125 0.041666666666666664
1 0.11328125 0.32430555555555557 0.0390625 0.059722222222222225
