1 0.6984375 0.36319444444444443 0.028125 0.043055555555555555
1 0.548828125 0.30833333333333335 0.01953125 0.03611111111111111
1 0.523828125 0.3194444444444444 0.01796875 0.041666666666666664
1 0.52421875 0.36527777777777776 0.0296875 0.044444444444444446
1 0.436328125 0.3423611111111111 0.02421875 0.04583333333333333
1 0.35 0.4618055555555556 0.0390625 0.0625
1 0.265625 0.30694444444444446 0.0265625 0.03611111111111111
1 0.18203125 0.375 0.0328125 0.05277777777777778
0 0.278515625 0.45555555555555555 0.04296875 0.058333333333333334
0 0.37734375 0.4354166666666667 0.0328125 0.06805555555555555
0 0.467578125 0.3527777777777778 0.02265625 0.041666666666666664
0 0.455078125 0.3229166666666667 0.01953125 0.04027777777777778
0 0.43515625 0.3055555555555556 0.021875 0.027777777777777776
0 0.504296875 0.30694444444444446 0.02265625 0.041666666666666664
0 0.538671875 0.33541666666666664 0.02265625 0.04027777777777778
0 0.684375 0.4861111111111111 0.0421875 0.06666666666666667
0 0.71640625 0.3909722222222222 0.0265625 0.04583333333333333
0 0.6921875 0.33958333333333335 0.025 0.020833333333333332
