0 0.18359375 0.4173611111111111 0.071875 0.10416666666666667
0 0.32734375 0.31805555555555554 0.0515625 0.10277777777777777
0 0.408984375 0.44305555555555554 0.06328125 0.10833333333333334
0 0.1765625 0.5847222222222223 0.0921875 0.125
0 0.150390625 0.3625 0.06484375 0.09166666666666666
0 0.719921875 0.30694444444444446 0.04765625 0.09166666666666666
0 0.893359375 0.6645833333333333 0.10546875 0.15138888888888888
1 0.0984375 0.5319444444444444 0.084375 0.125
1 0.325390625 0.6520833333333333 0.08671875 0.15138888888888888
1 0.378125 0.3590277777777778 0.0578125 0.10694444444444444
1 0.43515625 0.3111111111111111 0.05625 0.09444444444444444
