1 0.02421875 0.3506944444444444 0.046875 0.0875
1 0.22265625 0.1986111111111111 0.0375 0.06388888888888888
1 0.55859375 0.6340277777777777 0.078125 0.12916666666666668
1 0.403515625 0.4097222222222222 0.05234375 0.1
1 0.63046875 0.3902777777777778 0.046875 0.08611111111111111
1 0.69765625 0.37430555555555556 0.05 0.09861111111111111
0 0.057421875 0.8541666666666666 0.11328125 0.17777777777777778
0 0.472265625 0.35347222222222224 0.04765625 0.09861111111111111
0 0.453515625 0.29097222222222224 0.03671875 0.07361111111111111
0 0.451953125 0.49027777777777776 0.05703125 0.11388888888888889
0 0.5953125 0.33194444444444443 0.04375 0.08055555555555556
0 0.656640625 0.4895833333333333 0.07265625 0.12916666666666668
1 0.0109375 0.9680555555555556 0.01875 0.05
