1 0.283203125 0.4465277777777778 0.06953125 0.11805555555555555
1 0.0328125 0.2534722222222222 0.0640625 0.09027777777777778
1 0.515234375 0.32083333333333336 0.04921875 0.09166666666666666
1 0.555859375 0.39305555555555555 0.06015625 0.08055555555555556
1 0.605859375 0.3173611111111111 0.05078125 0.09583333333333334
0 0.33359375 0.3 0.059375 0.10833333333333334
0 0.394921875 0.39305555555555555 0.06328125 0.10277777777777777
0 0.35078125 0.5173611111111112 0.071875 0.12638888888888888
0 0.470703125 0.28958333333333336 0.04140625 0.09027777777777778
0 0.54609375 0.4666666666666667 0.0609375 0.13333333333333333
0 0.937890625 0.39861111111111114 0.07109375 0.1111111111111111
