0 0.05390625 0.9034722222222222 0.10625 0.19305555555555556
0 0.4515625 0.5027777777777778 0.0671875 0.12222222222222222
0 0.487890625 0.3486111111111111 0.05546875 0.10277777777777777
0 0.45546875 0.27152777777777776 0.0453125 0.09027777777777778
0 0.587890625 0.3 0.04296875 0.09722222222222222
0 0.62265625 0.5152777777777777 0.0703125 0.13333333333333333
1 0.709765625 0.41597222222222224 0.06484375 0.10138888888888889
1 0.725 0.34375 0.0640625 0.09027777777777778
1 0.629296875 0.33541666666666664 0.05078125 0.0875
1 0.40234375 0.40902777777777777 0.0609375 0.11527777777777778
1 0.21484375 0.18125 0.0375 0.06805555555555555
1 0.0203125 0.3659722222222222 0.0390625 0.09027777777777778
