0 0.126171875 0.8104166666666667 0.11328125 0.15138888888888888
0 0.026171875 0.6972222222222222 0.05078125 0.125
0 0.515625 0.5069444444444444 0.0625 0.11666666666666667
0 0.528125 0.3576388888888889 0.046875 0.09861111111111111
0 0.5296875 0.28125 0.0453125 0.07083333333333333
0 0.666796875 0.33055555555555555 0.05234375 0.09722222222222222
0 0.75625 0.5388888888888889 0.08125 0.1361111111111111
1 0.843359375 0.49236111111111114 0.08671875 0.12361111111111112
1 0.8203125 0.4 0.071875 0.08611111111111111
1 0.709375 0.3715277777777778 0.0609375 0.10694444444444444
1 0.472265625 0.4083333333333333 0.05703125 0.10277777777777777
1 0.31640625 0.18194444444444444 0.0421875 0.06111111111111111
1 0.1375 0.31666666666666665 0.0578125 0.07222222222222222
1 0.041796875 0.875 0.08203125 0.16944444444444445
