1 0.288671875 0.2125 0.04140625 0.07222222222222222
1 0.459375 0.16597222222222222 0.03125 0.0625
1 0.566015625 0.4465277777777778 0.06953125 0.10416666666666667
1 0.83125 0.5388888888888889 0.0765625 0.11944444444444445
1 0.125 0.6451388888888889 0.0875 0.14027777777777778
1 0.9359375 0.7298611111111111 0.1046875 0.15416666666666667
1 0.956640625 0.6430555555555556 0.08671875 0.1111111111111111
0 0.7921875 0.7319444444444444 0.10625 0.1638888888888889
0 0.790234375 0.4583333333333333 0.06953125 0.09166666666666666
0 0.599609375 0.5604166666666667 0.07109375 0.12083333333333333
0 0.64375 0.43680555555555556 0.0609375 0.10694444444444444
0 0.646875 0.3527777777777778 0.05 0.09444444444444444
0 0.206640625 0.6402777777777777 0.09453125 0.14166666666666666
0 0.136328125 0.47708333333333336 0.07734375 0.10416666666666667
