0 0.361328125 0.25555555555555554 0.05703125 0.10277777777777777
0 0.448046875 0.31319444444444444 0.06171875 0.12361111111111112
0 0.7109375 0.23541666666666666 0.053125 0.10694444444444444
0 0.7875 0.28055555555555556 0.059375 0.08611111111111111
0 0.82578125 0.21944444444444444 0.0515625 0.08611111111111111
0 0.9 0.4041666666666667 0.075 0.10555555555555556
0 0.9734375 0.33055555555555555 0.053125 0.09166666666666666
1 0.873046875 0.23819444444444443 0.05078125 0.08194444444444444
1 0.7953125 0.35625 0.0640625 0.10138888888888889
1 0.923046875 0.23055555555555557 0.05234375 0.07222222222222222
1 0.96953125 0.2625 0.0578125 0.07222222222222222
1 0.29609375 0.22916666666666666 0.0515625 0.1111111111111111
1 0.12421875 0.6138888888888889 0.109375 0.15833333333333333
