1 0.125 0.3277777777777778 0.0703125 0.1111111111111111
1 0.646484375 0.39375 0.05703125 0.10138888888888889
1 0.70078125 0.27361111111111114 0.0390625 0.075
1 0.740625 0.2590277777777778 0.0375 0.0763888888888889
1 0.7796875 0.2861111111111111 0.046875 0.06111111111111111
0 0.205859375 0.3972222222222222 0.07421875 0.11388888888888889
0 0.192578125 0.33194444444444443 0.06953125 0.08611111111111111
0 0.573046875 0.2847222222222222 0.04765625 0.09166666666666666
0 0.636328125 0.32013888888888886 0.04921875 0.07916666666666666
0 0.66328125 0.2590277777777778 0.0390625 0.07916666666666666
0 0.7328125 0.4131944444444444 0.065625 0.09861111111111111
0 0.78828125 0.3388888888888889 0.05 0.08888888888888889
0 0.8859375 0.2625 0.0390625 0.05277777777777778
