0 0.42890625 0.39791666666666664 0.0484375 0.09305555555555556
0 0.501953125 0.43125 0.05078125 0.08472222222222223
0 0.52109375 0.35694444444444445 0.0359375 0.07222222222222222
0 0.60390625 0.51875 0.059375 0.10138888888888889
0 0.6390625 0.4076388888888889 0.04375 0.043055555555555555
0 0.705078125 0.33055555555555555 0.02890625 0.05277777777777778
0 0.840625 0.45416666666666666 0.0375 0.06388888888888888
0 0.906640625 0.5951388888888889 0.05234375 0.08194444444444444
1 0.891015625 0.5027777777777778 0.04140625 0.06944444444444445
1 0.640234375 0.45694444444444443 0.04609375 0.075
1 0.5203125 0.5131944444444444 0.0546875 0.09861111111111111
1 0.628515625 0.36736111111111114 0.03671875 0.05694444444444444
1 0.591015625 0.34097222222222223 0.03203125 0.05138888888888889
1 0.559765625 0.3597222222222222 0.03828125 0.06666666666666667
