1 0.164453125 0.4166666666666667 0.09921875 0.1527777777777778
1 0.387109375 0.15694444444444444 0.03984375 0.09166666666666666
1 0.831640625 0.5618055555555556 0.07578125 0.11527777777777778
1 0.82109375 0.4097222222222222 0.053125 0.07777777777777778
1 0.944140625 0.48819444444444443 0.06171875 0.09027777777777778
1 0.988671875 0.4986111111111111 0.02265625 0.07222222222222222
0 0.934765625 0.6694444444444444 0.09140625 0.1361111111111111
0 0.8453125 0.4798611111111111 0.0609375 0.09861111111111111
0 0.89765625 0.43472222222222223 0.0640625 0.08888888888888889
0 0.769140625 0.37222222222222223 0.05234375 0.08333333333333333
0 0.523046875 0.3111111111111111 0.06171875 0.1111111111111111
0 0.419921875 0.18958333333333333 0.05078125 0.09305555555555556
