0 0.11796875 0.8090277777777778 0.1203125 0.1597222222222222
0 0.421484375 0.5284722222222222 0.04921875 0.09027777777777778
0 0.496875 0.5506944444444445 0.046875 0.08194444444444444
0 0.51484375 0.46944444444444444 0.0375 0.06666666666666667
0 0.633203125 0.5152777777777777 0.04140625 0.08055555555555556
0 0.596484375 0.6138888888888889 0.05234375 0.09444444444444444
0 0.84453125 0.5111111111111111 0.034375 0.06111111111111111
0 0.698046875 0.4201388888888889 0.02578125 0.04861111111111111
0 0.942578125 0.6486111111111111 0.06015625 0.08611111111111111
1 0.90234375 0.5513888888888889 0.0484375 0.06666666666666667
1 0.61875 0.4652777777777778 0.0359375 0.05
1 0.583203125 0.4534722222222222 0.03359375 0.0625
1 0.550390625 0.475 0.03984375 0.06111111111111111
1 0.4640625 0.51875 0.040625 0.0763888888888889
1 0.5125 0.6256944444444444 0.05625 0.10138888888888889
