1 0.315625 0.3173611111111111 0.0296875 0.05416666666666667
1 0.36953125 0.2743055555555556 0.0203125 0.034722222222222224
1 0.521484375 0.2673611111111111 0.02421875 0.043055555555555555
1 0.553125 0.2881944444444444 0.0296875 0.04861111111111111
1 0.64609375 0.23541666666666666 0.0203125 0.04027777777777778
1 0.6671875 0.23541666666666666 0.021875 0.043055555555555555
1 0.71171875 0.2659722222222222 0.03125 0.05416666666666667
1 0.8796875 0.26319444444444445 0.034375 0.05138888888888889
0 0.852734375 0.24861111111111112 0.02890625 0.044444444444444446
0 0.819921875 0.28125 0.03515625 0.05694444444444444
0 0.76796875 0.2986111111111111 0.040625 0.06111111111111111
0 0.7796875 0.22083333333333333 0.0265625 0.03888888888888889
0 0.631640625 0.2951388888888889 0.03203125 0.05138888888888889
0 0.591796875 0.2701388888888889 0.02265625 0.043055555555555555
0 0.6 0.2388888888888889 0.0171875 0.03888888888888889
0 0.542578125 0.24722222222222223 0.01953125 0.03888888888888889
0 0.436328125 0.275 0.02421875 0.044444444444444446
0 0.38515625 0.2722222222222222 0.0203125 0.03888888888888889
