0 0.8359375 0.3388888888888889 0.046875 0.06944444444444445
0 0.841015625 0.2951388888888889 0.03984375 0.034722222222222224
0 0.874609375 0.2701388888888889 0.02890625 0.04861111111111111
0 0.803125 0.22013888888888888 0.0234375 0.04861111111111111
0 0.641015625 0.29305555555555557 0.03203125 0.06666666666666667
0 0.603125 0.24444444444444444 0.0234375 0.04722222222222222
0 0.62109375 0.2111111111111111 0.0234375 0.041666666666666664
0 0.562890625 0.21597222222222223 0.02265625 0.04583333333333333
0 0.455078125 0.2326388888888889 0.02578125 0.04861111111111111
0 0.403125 0.22083333333333333 0.021875 0.030555555555555555
1 0.334375 0.26319444444444445 0.034375 0.04861111111111111
1 0.384375 0.21666666666666667 0.015625 0.03611111111111111
1 0.57578125 0.2673611111111111 0.03125 0.05416666666666667
1 0.669140625 0.25833333333333336 0.02890625 0.04722222222222222
1 0.714453125 0.26180555555555557 0.03046875 0.05138888888888889
1 0.691015625 0.21875 0.02265625 0.0375
1 0.6671875 0.21736111111111112 0.021875 0.034722222222222224
1 0.901171875 0.29375 0.03671875 0.05694444444444444
