1 0.36875 0.35833333333333334 0.028125 0.044444444444444446
1 0.4015625 0.35833333333333334 0.025 0.03888888888888889
1 0.391796875 0.32569444444444445 0.01484375 0.03194444444444444
1 0.583203125 0.37222222222222223 0.02890625 0.05277777777777778
1 0.661328125 0.38680555555555557 0.03046875 0.05694444444444444
1 0.66171875 0.32708333333333334 0.0234375 0.04027777777777778
1 0.697265625 0.3548611111111111 0.02734375 0.04861111111111111
1 0.890234375 0.38472222222222224 0.03671875 0.06111111111111111
0 0.81171875 0.4395833333333333 0.04375 0.06805555555555555
0 0.83046875 0.39375 0.0328125 0.05416666666666667
0 0.86484375 0.3645833333333333 0.0296875 0.04861111111111111
0 0.79296875 0.3229166666666667 0.028125 0.034722222222222224
0 0.630859375 0.3861111111111111 0.02734375 0.05
0 0.60703125 0.35347222222222224 0.021875 0.0375
0 0.59140625 0.3229166666666667 0.01875 0.03194444444444444
0 0.559765625 0.325 0.02109375 0.03611111111111111
0 0.45703125 0.33958333333333335 0.025 0.043055555555555555
0 0.41015625 0.32916666666666666 0.01875 0.030555555555555555
