0 0.4953125 0.3159722222222222 0.034375 0.0625
0 0.541015625 0.27708333333333335 0.01640625 0.04027777777777778
0 0.544921875 0.23472222222222222 0.01796875 0.03333333333333333
0 0.584375 0.24513888888888888 0.021875 0.0375
0 0.721875 0.2722222222222222 0.021875 0.044444444444444446
0 0.725390625 0.2388888888888889 0.02109375 0.03333333333333333
0 0.908203125 0.36041666666666666 0.04765625 0.07083333333333333
0 0.96015625 0.34097222222222223 0.040625 0.05694444444444444
0 0.9546875 0.2652777777777778 0.0265625 0.044444444444444446
1 0.846484375 0.3625 0.04453125 0.07222222222222222
1 0.823046875 0.2833333333333333 0.03046875 0.044444444444444446
1 0.79765625 0.2520833333333333 0.025 0.043055555555555555
1 0.573828125 0.3284722222222222 0.02890625 0.05138888888888889
1 0.527734375 0.2861111111111111 0.02265625 0.041666666666666664
1 0.50703125 0.26875 0.01875 0.0375
1 0.53046875 0.23125 0.015625 0.029166666666666667
