1 0.473046875 0.44166666666666665 0.06015625 0.11388888888888889
1 0.390234375 0.34930555555555554 0.04609375 0.07916666666666666
1 0.38046875 0.28958333333333336 0.0375 0.043055555555555555
1 0.422265625 0.225 0.01953125 0.044444444444444446
1 0.7765625 0.22916666666666666 0.0296875 0.05277777777777778
1 0.833203125 0.2875 0.04921875 0.075
1 0.9296875 0.4597222222222222 0.0890625 0.125
0 0.9734375 0.23472222222222222 0.0421875 0.058333333333333334
0 0.691796875 0.27847222222222223 0.03828125 0.06805555555555555
0 0.681640625 0.2222222222222222 0.02890625 0.05
0 0.49296875 0.24513888888888888 0.0296875 0.059722222222222225
0 0.440625 0.2298611111111111 0.0296875 0.04861111111111111
0 0.42578125 0.3159722222222222 0.0421875 0.07083333333333333
0 0.347265625 0.40902777777777777 0.05859375 0.10416666666666667
