0 0.476171875 0.3590277777777778 0.05546875 0.09861111111111111
0 0.512109375 0.2777777777777778 0.03515625 0.06388888888888888
0 0.53359375 0.19583333333333333 0.025 0.05
0 0.5859375 0.21597222222222223 0.0359375 0.06805555555555555
0 0.7953125 0.21041666666666667 0.0359375 0.05694444444444444
0 0.808984375 0.2777777777777778 0.05234375 0.09166666666666666
1 0.913671875 0.23680555555555555 0.05078125 0.07916666666666666
1 0.973046875 0.3076388888888889 0.05390625 0.09861111111111111
1 0.56015625 0.4048611111111111 0.0546875 0.10972222222222222
1 0.482421875 0.2972222222222222 0.04453125 0.05555555555555555
1 0.46171875 0.25833333333333336 0.03125 0.05277777777777778
1 0.515625 0.19236111111111112 0.0203125 0.04027777777777778
