0 0.6546875 0.5381944444444444 0.075 0.14027777777777778
0 0.645703125 0.4097222222222222 0.04921875 0.08611111111111111
0 0.65390625 0.33541666666666664 0.034375 0.06527777777777778
0 0.56015625 0.28125 0.0265625 0.05138888888888889
0 0.287890625 0.3875 0.05546875 0.08888888888888889
0 0.2875 0.30486111111111114 0.040625 0.06805555555555555
1 0.40078125 0.3034722222222222 0.0328125 0.059722222222222225
1 0.451953125 0.3638888888888889 0.04765625 0.08055555555555556
1 0.571484375 0.5819444444444445 0.08515625 0.1527777777777778
1 0.688671875 0.36041666666666666 0.04140625 0.07083333333333333
