1 0.587890625 0.6118055555555556 0.08515625 0.15694444444444444
1 0.6953125 0.3715277777777778 0.0390625 0.07361111111111111
1 0.455859375 0.39444444444444443 0.04453125 0.08055555555555556
1 0.403125 0.34305555555555556 0.034375 0.06111111111111111
0 0.291015625 0.3548611111111111 0.03984375 0.06805555555555555
0 0.291796875 0.4361111111111111 0.05546875 0.08888888888888889
0 0.56015625 0.30486111111111114 0.0265625 0.04583333333333333
0 0.672265625 0.5576388888888889 0.08046875 0.1375
0 0.654296875 0.42291666666666666 0.04921875 0.09027777777777778
0 0.657421875 0.3506944444444444 0.03828125 0.06527777777777778
