0 0.530078125 0.41944444444444445 0.01953125 0.03333333333333333
0 0.430078125 0.3236111111111111 0.01484375 0.022222222222222223
0 0.43125 0.3458333333333333 0.015625 0.027777777777777776
0 0.475 0.34444444444444444 0.0109375 0.022222222222222223
0 0.212890625 0.29930555555555555 0.02734375 0.04027777777777778
0 0.230859375 0.26805555555555555 0.01796875 0.030555555555555555
0 0.24296875 0.2777777777777778 0.0203125 0.030555555555555555
0 0.2609375 0.2763888888888889 0.0171875 0.03333333333333333
0 0.14296875 0.2375 0.021875 0.03333333333333333
0 0.137890625 0.25833333333333336 0.02578125 0.03888888888888889
1 0.187890625 0.2652777777777778 0.02421875 0.03611111111111111
1 0.252734375 0.29375 0.02265625 0.0375
1 0.281640625 0.28680555555555554 0.01953125 0.03194444444444444
1 0.3984375 0.31666666666666665 0.015625 0.027777777777777776
1 0.482421875 0.3541666666666667 0.01484375 0.027777777777777776
1 0.50546875 0.37083333333333335 0.015625 0.027777777777777776
1 0.69453125 0.5819444444444445 0.0375 0.06111111111111111
