1 0.155859375 0.30069444444444443 0.07890625 0.09027777777777778
1 0.3515625 0.24166666666666667 0.0234375 0.06666666666666667
0 0.37421875 0.25555555555555554 0.034375 0.06666666666666667
0 0.4140625 0.30625 0.05 0.09305555555555556
0 0.053125 0.3215277777777778 0.096875 0.12361111111111112
0 0.176171875 0.38333333333333336 0.09453125 0.1361111111111111
0 0.741796875 0.4 0.05546875 0.08888888888888889
0 0.75078125 0.5743055555555555 0.096875 0.15138888888888888
1 0.678515625 0.3888888888888889 0.05234375 0.09166666666666666
1 0.92421875 0.4965277777777778 0.075 0.09861111111111111
