1 0.290234375 0.50625 0.06171875 0.09305555555555556
1 0.2421875 0.44375 0.0484375 0.0763888888888889
1 0.29296875 0.3590277777777778 0.0296875 0.05138888888888889
1 0.5328125 0.3527777777777778 0.0265625 0.04722222222222222
1 0.636328125 0.3388888888888889 0.02421875 0.041666666666666664
1 0.6984375 0.37430555555555556 0.034375 0.05694444444444444
1 0.706640625 0.3284722222222222 0.02421875 0.04027777777777778
1 0.8984375 0.3888888888888889 0.0390625 0.058333333333333334
0 0.90625 0.49166666666666664 0.065625 0.08888888888888889
0 0.863671875 0.4125 0.04140625 0.06666666666666667
0 0.85859375 0.36736111111111114 0.034375 0.04583333333333333
0 0.7578125 0.3284722222222222 0.0234375 0.0375
0 0.579296875 0.3402777777777778 0.02421875 0.041666666666666664
0 0.598046875 0.38125 0.03203125 0.05694444444444444
0 0.391015625 0.36875 0.03203125 0.05694444444444444
0 0.317578125 0.3597222222222222 0.02890625 0.044444444444444446
0 0.34140625 0.4527777777777778 0.0484375 0.08055555555555556
0 0.1984375 0.46944444444444444 0.0578125 0.08333333333333333
