0 0.3109375 0.38333333333333336 0.05 0.08611111111111111
0 0.44609375 0.36666666666666664 0.0453125 0.06666666666666667
0 0.422265625 0.2833333333333333 0.02734375 0.044444444444444446
0 0.489453125 0.2965277777777778 0.03046875 0.05694444444444444
0 0.687109375 0.27291666666666664 0.02890625 0.05416666666666667
0 0.710546875 0.32222222222222224 0.03828125 0.06666666666666667
0 0.912890625 0.27708333333333335 0.03359375 0.05138888888888889
1 0.846484375 0.2708333333333333 0.03359375 0.044444444444444446
1 0.833984375 0.3263888888888889 0.04140625 0.06944444444444445
1 0.757421875 0.27569444444444446 0.03046875 0.05138888888888889
1 0.64296875 0.28055555555555556 0.0296875 0.05555555555555555
1 0.43828125 0.4201388888888889 0.053125 0.09583333333333334
1 0.377734375 0.3451388888888889 0.03984375 0.07361111111111111
1 0.399609375 0.2798611111111111 0.02265625 0.04861111111111111
