1 0.296484375 0.3597222222222222 0.04609375 0.075
1 0.326171875 0.27847222222222223 0.02890625 0.05138888888888889
1 0.36171875 0.42430555555555555 0.059375 0.10138888888888889
1 0.56796875 0.2881944444444444 0.025 0.04861111111111111
1 0.675390625 0.28541666666666665 0.02734375 0.05138888888888889
1 0.75234375 0.28194444444444444 0.0265625 0.044444444444444446
1 0.74140625 0.33125 0.0375 0.059722222222222225
1 0.957421875 0.3680555555555556 0.04140625 0.06388888888888888
0 0.91875 0.38958333333333334 0.0484375 0.07083333333333333
0 0.915625 0.34097222222222223 0.0390625 0.05416666666666667
0 0.8078125 0.28541666666666665 0.028125 0.043055555555555555
0 0.634375 0.3263888888888889 0.03125 0.06111111111111111
0 0.618359375 0.2833333333333333 0.02578125 0.04722222222222222
0 0.42265625 0.29791666666666666 0.03125 0.0625
0 0.3890625 0.2763888888888889 0.0265625 0.05277777777777778
0 0.36015625 0.2861111111111111 0.028125 0.05
0 0.37578125 0.3701388888888889 0.0453125 0.07083333333333333
0 0.230078125 0.38263888888888886 0.05703125 0.08472222222222223
