0 0.327734375 0.38125 0.04296875 0.07361111111111111
0 0.38046875 0.3159722222222222 0.03125 0.05416666666666667
0 0.1875 0.39375 0.053125 0.0763888888888889
0 0.320703125 0.29930555555555555 0.02578125 0.04861111111111111
0 0.34375 0.29305555555555557 0.0265625 0.041666666666666664
0 0.5734375 0.29375 0.0234375 0.043055555555555555
0 0.57890625 0.3347222222222222 0.03125 0.05555555555555555
0 0.753125 0.29305555555555557 0.0265625 0.041666666666666664
0 0.837109375 0.3819444444444444 0.04296875 0.06666666666666667
0 0.845703125 0.3368055555555556 0.03515625 0.04583333333333333
1 0.879296875 0.36180555555555555 0.04140625 0.059722222222222225
1 0.70078125 0.28958333333333336 0.0265625 0.04027777777777778
1 0.6796875 0.33541666666666664 0.0328125 0.05694444444444444
1 0.6265625 0.29583333333333334 0.025 0.044444444444444446
1 0.525 0.30277777777777776 0.0265625 0.05
1 0.291796875 0.2986111111111111 0.02734375 0.05
1 0.245703125 0.3680555555555556 0.04453125 0.06666666666666667
1 0.2890625 0.43194444444444446 0.05625 0.08611111111111111
