1 0.359375 0.44722222222222224 0.0515625 0.08611111111111111
1 0.312109375 0.38819444444444445 0.04296875 0.06527777777777778
1 0.3515625 0.3236111111111111 0.025 0.044444444444444446
1 0.572265625 0.3423611111111111 0.02578125 0.04583333333333333
1 0.67890625 0.34097222222222223 0.0265625 0.043055555555555555
1 0.73828125 0.38263888888888886 0.034375 0.05694444444444444
1 0.75546875 0.3402777777777778 0.025 0.03888888888888889
1 0.955859375 0.42083333333333334 0.04453125 0.058333333333333334
0 0.811328125 0.3451388888888889 0.02734375 0.043055555555555555
0 0.91171875 0.4395833333333333 0.0484375 0.06527777777777778
0 0.91484375 0.39305555555555555 0.0359375 0.044444444444444446
0 0.633203125 0.37569444444444444 0.03203125 0.05694444444444444
0 0.623828125 0.33541666666666664 0.02421875 0.043055555555555555
0 0.436328125 0.34444444444444444 0.02890625 0.05
0 0.390625 0.40347222222222223 0.0390625 0.07083333333333333
0 0.26015625 0.4076388888888889 0.05 0.0763888888888889
0 0.376171875 0.33125 0.02578125 0.04583333333333333
0 0.4 0.3263888888888889 0.0265625 0.044444444444444446
