1 0.558203125 0.7097222222222223 0.04765625 0.09166666666666666
1 0.34765625 0.36041666666666666 0.0171875 0.029166666666666667
1 0.433984375 0.40902777777777777 0.01484375 0.03194444444444444
1 0.454296875 0.42777777777777776 0.01484375 0.030555555555555555
1 0.116015625 0.26875 0.02578125 0.029166666666666667
1 0.173046875 0.30833333333333335 0.02578125 0.03888888888888889
1 0.215625 0.30972222222222223 0.0234375 0.03611111111111111
0 0.05546875 0.25763888888888886 0.025 0.04027777777777778
0 0.0859375 0.24305555555555555 0.0234375 0.03333333333333333
0 0.1140625 0.30277777777777776 0.025 0.044444444444444446
0 0.19765625 0.29791666666666666 0.01875 0.03194444444444444
0 0.164453125 0.28125 0.01640625 0.02638888888888889
0 0.171484375 0.2875 0.01953125 0.022222222222222223
0 0.450390625 0.475 0.02109375 0.03611111111111111
0 0.36875 0.3888888888888889 0.0171875 0.030555555555555555
0 0.383984375 0.3770833333333333 0.01484375 0.02638888888888889
