0 0.1828125 0.43472222222222223 0.040625 0.06111111111111111
0 0.275 0.36736111111111114 0.025 0.04027777777777778
0 0.305078125 0.3590277777777778 0.02265625 0.034722222222222224
0 0.328125 0.3527777777777778 0.0234375 0.03611111111111111
0 0.4109375 0.3798611111111111 0.0265625 0.04583333333333333
0 0.491796875 0.4777777777777778 0.03828125 0.06944444444444445
0 0.545703125 0.46458333333333335 0.03984375 0.07083333333333333
0 0.69609375 0.3458333333333333 0.0203125 0.03333333333333333
0 0.76015625 0.38958333333333334 0.0296875 0.04861111111111111
0 0.7734375 0.42569444444444443 0.0375 0.05416666666666667
1 0.646484375 0.3451388888888889 0.01953125 0.034722222222222224
1 0.57421875 0.3486111111111111 0.01875 0.03611111111111111
1 0.53203125 0.34930555555555554 0.0203125 0.034722222222222224
1 0.3578125 0.39375 0.028125 0.05138888888888889
1 0.325 0.4048611111111111 0.03125 0.04861111111111111
1 0.24921875 0.4597222222222222 0.0390625 0.06666666666666667
1 0.287109375 0.35625 0.01640625 0.034722222222222224
1 0.23046875 0.4152777777777778 0.0328125 0.05277777777777778
