0 0.6875 0.4895833333333333 0.0421875 0.06805555555555555
0 0.68203125 0.4131944444444444 0.025 0.043055555555555555
0 0.66640625 0.3680555555555556 0.01875 0.019444444444444445
0 0.6640625 0.38472222222222224 0.0203125 0.022222222222222223
0 0.645703125 0.3798611111111111 0.01796875 0.034722222222222224
0 0.461328125 0.40694444444444444 0.02734375 0.04722222222222222
0 0.433203125 0.41458333333333336 0.03046875 0.05138888888888889
0 0.35390625 0.3347222222222222 0.015625 0.03333333333333333
0 0.310546875 0.3375 0.01953125 0.030555555555555555
0 0.223828125 0.3638888888888889 0.02734375 0.041666666666666664
1 0.259765625 0.35833333333333334 0.02578125 0.044444444444444446
1 0.329296875 0.36875 0.02421875 0.04583333333333333
1 0.32421875 0.33194444444444443 0.015625 0.030555555555555555
1 0.371875 0.3645833333333333 0.0234375 0.0375
1 0.513671875 0.3548611111111111 0.01640625 0.03194444444444444
1 0.539453125 0.3597222222222222 0.01796875 0.03333333333333333
1 0.6171875 0.3680555555555556 0.0171875 0.03333333333333333
1 0.65703125 0.40555555555555556 0.0234375 0.044444444444444446
