1 0.905078125 0.37569444444444444 0.05859375 0.07916666666666666
1 0.782421875 0.2798611111111111 0.03359375 0.05416666666666667
1 0.655078125 0.27569444444444446 0.02890625 0.05138888888888889
1 0.61484375 0.2722222222222222 0.0265625 0.04722222222222222
1 0.4078125 0.31180555555555556 0.0296875 0.05694444444444444
1 0.35703125 0.32222222222222224 0.034375 0.058333333333333334
1 0.365234375 0.2625 0.02265625 0.03611111111111111
1 0.275390625 0.31875 0.03359375 0.05138888888888889
0 0.228125 0.3375 0.0375 0.058333333333333334
0 0.348828125 0.27569444444444446 0.02421875 0.04027777777777778
0 0.401953125 0.2638888888888889 0.02421875 0.041666666666666664
0 0.491796875 0.36527777777777776 0.04453125 0.06388888888888888
0 0.50078125 0.4222222222222222 0.046875 0.09166666666666666
0 0.544140625 0.4027777777777778 0.04921875 0.08888888888888889
0 0.804296875 0.29305555555555557 0.03359375 0.058333333333333334
0 0.86953125 0.29097222222222224 0.0390625 0.059722222222222225
0 0.883984375 0.33125 0.04765625 0.07083333333333333
0 0.959375 0.3861111111111111 0.0578125 0.08888888888888889
