0 0.2953125 0.4736111111111111 0.0703125 0.11388888888888889
0 0.38046875 0.31805555555555554 0.0359375 0.06111111111111111
0 0.44453125 0.29375 0.03125 0.059722222222222225
0 0.9171875 0.3194444444444444 0.0359375 0.05277777777777778
0 0.942578125 0.31180555555555556 0.02890625 0.05138888888888889
0 0.9890625 0.3486111111111111 0.021875 0.05277777777777778
0 0.96796875 0.5 0.0640625 0.09444444444444444
0 0.982421875 0.5756944444444444 0.03515625 0.11527777777777778
1 0.995703125 0.38680555555555557 0.00859375 0.034722222222222224
1 0.8765625 0.30416666666666664 0.034375 0.05
1 0.777734375 0.3034722222222222 0.03515625 0.05694444444444444
1 0.730859375 0.29791666666666666 0.03203125 0.05138888888888889
1 0.60234375 0.3784722222222222 0.0453125 0.07916666666666666
1 0.540625 0.4083333333333333 0.05 0.08611111111111111
1 0.362890625 0.41944444444444445 0.05546875 0.09166666666666666
1 0.38515625 0.28680555555555554 0.03125 0.043055555555555555
