1 0.27265625 0.4576388888888889 0.0640625 0.10138888888888889
1 0.30078125 0.3159722222222222 0.0359375 0.043055555555555555
1 0.465625 0.43472222222222223 0.0515625 0.09444444444444444
1 0.5265625 0.40347222222222223 0.0453125 0.08194444444444444
1 0.606640625 0.33055555555555555 0.02890625 0.05277777777777778
1 0.638671875 0.32222222222222224 0.02734375 0.05
1 0.685546875 0.3277777777777778 0.02890625 0.04722222222222222
1 0.767578125 0.3263888888888889 0.03046875 0.04722222222222222
0 0.932421875 0.5479166666666667 0.08046875 0.10694444444444444
0 0.852734375 0.4979166666666667 0.06796875 0.09305555555555556
0 0.953515625 0.4013888888888889 0.04296875 0.06111111111111111
0 0.896875 0.3784722222222222 0.034375 0.05416666666666667
0 0.8640625 0.36180555555555555 0.03125 0.05138888888888889
0 0.8015625 0.3402777777777778 0.028125 0.041666666666666664
0 0.823046875 0.33055555555555555 0.01953125 0.04722222222222222
0 0.366015625 0.3215277777777778 0.03203125 0.059722222222222225
0 0.2953125 0.3472222222222222 0.0390625 0.06666666666666667
0 0.19296875 0.5256944444444445 0.0859375 0.13194444444444445
