1 0.259375 0.4270833333333333 0.0375 0.0625
1 0.336328125 0.3541666666666667 0.01953125 0.022222222222222223
1 0.369140625 0.4236111111111111 0.03515625 0.058333333333333334
1 0.429296875 0.40902777777777777 0.03203125 0.05694444444444444
1 0.462890625 0.3597222222222222 0.02421875 0.041666666666666664
1 0.59921875 0.36041666666666666 0.025 0.043055555555555555
1 0.6421875 0.3638888888888889 0.025 0.044444444444444446
1 0.74765625 0.36180555555555555 0.0265625 0.04583333333333333
0 0.887109375 0.42430555555555555 0.04453125 0.06527777777777778
0 0.840625 0.3888888888888889 0.034375 0.05555555555555555
0 0.814453125 0.36319444444444443 0.02890625 0.04583333333333333
0 0.776953125 0.36944444444444446 0.02890625 0.04722222222222222
0 0.702734375 0.4930555555555556 0.05546875 0.09166666666666666
0 0.6234375 0.4777777777777778 0.05 0.08888888888888889
0 0.37734375 0.3638888888888889 0.025 0.041666666666666664
0 0.3609375 0.3611111111111111 0.0171875 0.03888888888888889
0 0.341015625 0.3701388888888889 0.02421875 0.04027777777777778
0 0.203515625 0.44930555555555557 0.04453125 0.06527777777777778
