0 0.949609375 0.3458333333333333 0.04140625 0.06111111111111111
0 0.824609375 0.49375 0.07265625 0.1125
0 0.740234375 0.45902777777777776 0.06015625 0.09305555555555556
0 0.490625 0.32569444444444445 0.0203125 0.04027777777777778
0 0.4640625 0.3326388888888889 0.0203125 0.0375
0 0.476171875 0.32569444444444445 0.01328125 0.0375
0 0.3453125 0.4013888888888889 0.0328125 0.05555555555555555
1 0.388671875 0.3840277777777778 0.03046875 0.05138888888888889
1 0.450390625 0.3298611111111111 0.01484375 0.043055555555555555
1 0.480078125 0.3840277777777778 0.03203125 0.05694444444444444
1 0.534375 0.37222222222222223 0.0328125 0.058333333333333334
1 0.569921875 0.32430555555555557 0.02265625 0.043055555555555555
1 0.719140625 0.3263888888888889 0.02890625 0.05
1 0.77265625 0.33125 0.0328125 0.05416666666666667
1 0.909765625 0.33125 0.03828125 0.05694444444444444
