0 0.51796875 0.43125 0.0296875 0.05138888888888889
0 0.428125 0.3951388888888889 0.0234375 0.043055555555555555
0 0.412109375 0.3625 0.02265625 0.03611111111111111
0 0.483984375 0.33958333333333335 0.01953125 0.034722222222222224
0 0.09375 0.45625 0.0359375 0.04861111111111111
0 0.126171875 0.4423611111111111 0.03203125 0.05138888888888889
0 0.155078125 0.4534722222222222 0.03828125 0.05138888888888889
0 0.009375 0.4736111111111111 0.0171875 0.04722222222222222
1 0.25703125 0.55625 0.04375 0.06527777777777778
1 0.260546875 0.5194444444444445 0.04140625 0.05
1 0.27421875 0.49444444444444446 0.0390625 0.05555555555555555
1 0.37109375 0.6006944444444444 0.046875 0.07916666666666666
1 0.018359375 0.53125 0.03515625 0.059722222222222225
1 0.53515625 0.36527777777777776 0.021875 0.041666666666666664
1 0.496875 0.35208333333333336 0.0203125 0.0375
