0 0.454296875 0.4951388888888889 0.02421875 0.043055555555555555
0 0.3671875 0.41458333333333336 0.0203125 0.03194444444444444
0 0.38359375 0.3951388888888889 0.015625 0.02638888888888889
0 0.437109375 0.4048611111111111 0.01484375 0.018055555555555554
0 0.03671875 0.35555555555555557 0.03125 0.041666666666666664
0 0.07109375 0.3326388888888889 0.0265625 0.03194444444444444
0 0.091015625 0.38958333333333334 0.03203125 0.043055555555555555
0 0.154296875 0.34652777777777777 0.02265625 0.020833333333333332
0 0.158984375 0.35833333333333334 0.02734375 0.025
0 0.185546875 0.3590277777777778 0.01953125 0.03194444444444444
1 0.09921875 0.3548611111111111 0.0265625 0.0375
1 0.156640625 0.37916666666666665 0.02578125 0.03888888888888889
1 0.205078125 0.36666666666666664 0.02265625 0.03611111111111111
1 0.34609375 0.3861111111111111 0.0171875 0.030555555555555555
1 0.3953125 0.41180555555555554 0.01875 0.034722222222222224
1 0.439453125 0.41875 0.01640625 0.029166666666666667
1 0.46015625 0.43472222222222223 0.0171875 0.030555555555555555
