1 0.174609375 0.5013888888888889 0.06953125 0.10277777777777777
1 0.33828125 0.10347222222222222 0.034375 0.06805555555555555
1 0.43203125 0.11597222222222223 0.034375 0.07083333333333333
1 0.54296875 0.125 0.0328125 0.075
1 0.98125 0.20625 0.0375 0.06805555555555555
0 0.95 0.18055555555555555 0.046875 0.06666666666666667
0 0.849609375 0.12430555555555556 0.03671875 0.0625
0 0.586328125 0.07361111111111111 0.02890625 0.06388888888888888
0 0.516796875 0.10486111111111111 0.02890625 0.07083333333333333
0 0.4328125 0.06388888888888888 0.0328125 0.05277777777777778
0 0.31953125 0.14166666666666666 0.0375 0.05277777777777778
0 0.33203125 0.18125 0.0421875 0.07083333333333333
0 0.2421875 0.37916666666666665 0.0546875 0.08333333333333333
0 0.25078125 0.5861111111111111 0.071875 0.10833333333333334
