0 0.899609375 0.1597222222222222 0.05546875 0.08055555555555556
0 0.671484375 0.05555555555555555 0.03671875 0.07222222222222222
0 0.78125 0.13958333333333334 0.04375 0.07916666666666666
0 0.569921875 0.05555555555555555 0.03203125 0.07222222222222222
0 0.289453125 0.15902777777777777 0.03828125 0.07083333333333333
0 0.204296875 0.24583333333333332 0.03671875 0.07777777777777778
0 0.113671875 0.2548611111111111 0.05078125 0.06527777777777778
0 0.009765625 0.5027777777777778 0.01796875 0.075
1 0.0125 0.3798611111111111 0.0234375 0.06805555555555555
1 0.107421875 0.32569444444444445 0.05390625 0.0763888888888889
1 0.235546875 0.2513888888888889 0.04765625 0.075
1 0.707421875 0.06875 0.03671875 0.0763888888888889
1 0.79375 0.1840277777777778 0.05 0.08472222222222223
