0 0.62578125 0.08888888888888889 0.0421875 0.08333333333333333
0 0.750390625 0.13194444444444445 0.05390625 0.09166666666666666
0 0.85625 0.3125 0.071875 0.08333333333333333
0 0.049609375 0.3090277777777778 0.05390625 0.06527777777777778
0 0.054296875 0.25972222222222224 0.05078125 0.05277777777777778
0 0.1828125 0.13402777777777777 0.040625 0.06805555555555555
0 0.24140625 0.15833333333333333 0.0390625 0.06666666666666667
0 0.33046875 0.09791666666666667 0.0390625 0.06805555555555555
1 0.088671875 0.20277777777777778 0.04453125 0.06111111111111111
1 0.159375 0.19722222222222222 0.0453125 0.06666666666666667
1 0.258203125 0.18125 0.04296875 0.07083333333333333
1 0.79375 0.1673611111111111 0.05625 0.0875
1 0.850390625 0.3951388888888889 0.07734375 0.1125
