0 0.24765625 0.28402777777777777 0.040625 0.06527777777777778
0 0.283203125 0.18888888888888888 0.03203125 0.05555555555555555
0 0.37109375 0.08472222222222223 0.025 0.05
0 0.373046875 0.05694444444444444 0.02734375 0.03611111111111111
0 0.46875 0.02013888888888889 0.0265625 0.0375
0 0.5125 0.0375 0.0234375 0.058333333333333334
0 0.5828125 0.02361111111111111 0.028125 0.044444444444444446
0 0.835546875 0.07291666666666667 0.03984375 0.07083333333333333
0 0.944921875 0.13472222222222222 0.05546875 0.08055555555555556
0 0.9921875 0.26666666666666666 0.015625 0.03611111111111111
1 0.97734375 0.17222222222222222 0.0453125 0.08055555555555556
1 0.983203125 0.3277777777777778 0.03359375 0.09166666666666666
1 0.2328125 0.2361111111111111 0.0359375 0.05277777777777778
1 0.39765625 0.034722222222222224 0.0234375 0.04722222222222222
1 0.45078125 0.04513888888888889 0.025 0.04861111111111111
1 0.525390625 0.05486111111111111 0.02578125 0.05694444444444444
