0 0.215625 0.38263888888888886 0.0375 0.05694444444444444
0 0.232421875 0.3104166666666667 0.03046875 0.04583333333333333
0 0.297265625 0.19791666666666666 0.02265625 0.03194444444444444
0 0.3 0.21597222222222223 0.025 0.04027777777777778
0 0.375390625 0.14722222222222223 0.02109375 0.03888888888888889
0 0.416796875 0.15347222222222223 0.02109375 0.043055555555555555
0 0.4703125 0.12777777777777777 0.0203125 0.03888888888888889
0 0.64765625 0.10833333333333334 0.025 0.04722222222222222
0 0.716796875 0.11736111111111111 0.02890625 0.05138888888888889
0 0.766796875 0.16944444444444445 0.03359375 0.04722222222222222
1 0.73984375 0.12777777777777777 0.0296875 0.05
1 0.76015625 0.19652777777777777 0.0359375 0.059722222222222225
1 0.31484375 0.17777777777777778 0.0234375 0.03888888888888889
1 0.366015625 0.17152777777777778 0.02265625 0.043055555555555555
1 0.4296875 0.16041666666666668 0.021875 0.043055555555555555
