0 0.614453125 0.07361111111111111 0.01796875 0.03333333333333333
0 0.666796875 0.06388888888888888 0.01796875 0.03611111111111111
0 0.71875 0.0763888888888889 0.0203125 0.03611111111111111
0 0.778515625 0.07152777777777777 0.02421875 0.0375
0 0.3703125 0.32430555555555557 0.034375 0.05416666666666667
0 0.334375 0.29097222222222224 0.028125 0.04583333333333333
0 0.3328125 0.22013888888888888 0.01875 0.0375
0 0.34921875 0.22430555555555556 0.0234375 0.04027777777777778
0 0.38671875 0.16180555555555556 0.0171875 0.03194444444444444
0 0.440234375 0.1527777777777778 0.01640625 0.03888888888888889
0 0.474609375 0.12569444444444444 0.01796875 0.034722222222222224
1 0.336328125 0.19444444444444445 0.02109375 0.019444444444444445
1 0.317578125 0.33194444444444443 0.03203125 0.05277777777777778
1 0.39453125 0.17847222222222223 0.021875 0.034722222222222224
1 0.456640625 0.15138888888888888 0.01953125 0.03611111111111111
1 0.6859375 0.06527777777777778 0.01875 0.03611111111111111
1 0.723046875 0.08888888888888889 0.02265625 0.03888888888888889
