1 0.4171875 0.40902777777777777 0.0203125 0.0375
1 0.497265625 0.4638888888888889 0.02109375 0.03888888888888889
1 0.5421875 0.5083333333333333 0.021875 0.041666666666666664
1 0.5546875 0.5388888888888889 0.025 0.044444444444444446
1 0.130078125 0.27569444444444446 0.03203125 0.04861111111111111
1 0.181640625 0.32916666666666666 0.03359375 0.05277777777777778
1 0.2515625 0.33055555555555555 0.028125 0.04722222222222222
0 0.055859375 0.25416666666666665 0.03984375 0.05277777777777778
0 0.08515625 0.32222222222222224 0.0453125 0.06111111111111111
0 0.11875 0.23819444444444443 0.0296875 0.0375
0 0.195703125 0.3076388888888889 0.03046875 0.043055555555555555
0 0.20078125 0.29305555555555557 0.028125 0.03611111111111111
0 0.233203125 0.3111111111111111 0.02421875 0.041666666666666664
0 0.434375 0.46805555555555556 0.0265625 0.04722222222222222
0 0.54375 0.6916666666666667 0.0421875 0.07777777777777778
0 0.4609375 0.4361111111111111 0.0203125 0.03611111111111111
0 0.516796875 0.46944444444444444 0.01796875 0.03611111111111111
