0 0.78359375 0.1326388888888889 0.03125 0.05138888888888889
0 0.86171875 0.16805555555555557 0.034375 0.05277777777777778
0 0.9375 0.25277777777777777 0.04375 0.041666666666666664
0 0.325 0.3597222222222222 0.0453125 0.075
0 0.3171875 0.25555555555555554 0.0375 0.06388888888888888
0 0.369921875 0.11944444444444445 0.02734375 0.041666666666666664
0 0.38125 0.14583333333333334 0.0296875 0.05555555555555555
0 0.4578125 0.075 0.025 0.041666666666666664
0 0.52109375 0.10486111111111111 0.0234375 0.05138888888888889
0 0.576171875 0.08888888888888889 0.02421875 0.04722222222222222
1 0.269140625 0.3145833333333333 0.04453125 0.07083333333333333
1 0.384375 0.09722222222222222 0.028125 0.05277777777777778
1 0.456640625 0.10902777777777778 0.02578125 0.05138888888888889
1 0.53984375 0.11875 0.0265625 0.04861111111111111
1 0.88828125 0.18888888888888888 0.0375 0.05
1 0.942578125 0.2833333333333333 0.04453125 0.058333333333333334
