0 0.762890625 0.02638888888888889 0.03359375 0.05
0 0.85 0.03888888888888889 0.0390625 0.06111111111111111
0 0.95234375 0.12152777777777778 0.046875 0.0625
0 0.3328125 0.64375 0.071875 0.11527777777777778
0 0.26171875 0.4583333333333333 0.0625 0.09444444444444444
0 0.30390625 0.23680555555555555 0.046875 0.0763888888888889
0 0.2765625 0.20208333333333334 0.040625 0.06527777777777778
0 0.376171875 0.08263888888888889 0.03203125 0.05416666666666667
0 0.470703125 0.09583333333333334 0.03203125 0.06944444444444445
0 0.527734375 0.04861111111111111 0.03046875 0.058333333333333334
1 0.218359375 0.60625 0.07109375 0.10416666666666667
1 0.283984375 0.1527777777777778 0.03984375 0.06388888888888888
1 0.387109375 0.1326388888888889 0.03828125 0.06527777777777778
1 0.4984375 0.1076388888888889 0.03125 0.06527777777777778
1 0.883984375 0.05625 0.03671875 0.06527777777777778
1 0.9671875 0.15486111111111112 0.0484375 0.07361111111111111
