1 0.637890625 0.2263888888888889 0.04296875 0.07777777777777778
1 0.95546875 0.16944444444444445 0.0390625 0.05555555555555555
1 0.396875 0.13819444444444445 0.0296875 0.04027777777777778
1 0.48359375 0.14652777777777778 0.0296875 0.059722222222222225
1 0.58984375 0.14652777777777778 0.028125 0.05694444444444444
0 0.381640625 0.16597222222222222 0.02890625 0.05416666666666667
0 0.402734375 0.1840277777777778 0.03515625 0.06527777777777778
0 0.47578125 0.12222222222222222 0.025 0.04722222222222222
0 0.562890625 0.12291666666666666 0.02890625 0.02638888888888889
0 0.56171875 0.15138888888888888 0.03125 0.058333333333333334
0 0.6109375 0.12152777777777778 0.025 0.04583333333333333
0 0.77421875 0.15 0.034375 0.058333333333333334
0 0.83203125 0.1375 0.0296875 0.04722222222222222
0 0.91953125 0.15486111111111112 0.0359375 0.05416666666666667
