0 0.2546875 0.04791666666666667 0.0328125 0.05694444444444444
0 0.234765625 0.11180555555555556 0.04453125 0.07361111111111111
0 0.330078125 0.020833333333333332 0.02578125 0.03888888888888889
0 0.34375 0.07222222222222222 0.034375 0.06666666666666667
0 0.3890625 0.11666666666666667 0.0359375 0.07222222222222222
0 0.38359375 0.05694444444444444 0.0296875 0.05277777777777778
0 0.41171875 0.06944444444444445 0.025 0.05277777777777778
0 0.637890625 0.2833333333333333 0.05078125 0.08333333333333333
0 0.707421875 0.22152777777777777 0.03828125 0.07083333333333333
0 0.8421875 0.2902777777777778 0.04375 0.06944444444444445
1 0.9015625 0.4798611111111111 0.0796875 0.1125
1 0.796484375 0.2965277777777778 0.05234375 0.08194444444444444
1 0.84375 0.34375 0.0484375 0.08194444444444444
1 0.63515625 0.17916666666666667 0.0375 0.06944444444444445
1 0.315625 0.05138888888888889 0.028125 0.05555555555555555
1 0.325 0.1076388888888889 0.0375 0.07083333333333333
1 0.426953125 0.09444444444444444 0.03046875 0.06666666666666667
