0 0.52109375 0.1875 0.0296875 0.058333333333333334
0 0.63671875 0.3076388888888889 0.046875 0.08194444444444444
0 0.585546875 0.1326388888888889 0.02734375 0.05694444444444444
0 0.66171875 0.10416666666666667 0.0265625 0.05277777777777778
0 0.6828125 0.0763888888888889 0.025 0.05
0 0.704296875 0.06736111111111111 0.02421875 0.05138888888888889
0 0.79140625 0.09722222222222222 0.0328125 0.06111111111111111
0 0.18125 0.34791666666666665 0.04375 0.0625
0 0.2015625 0.42569444444444443 0.053125 0.07916666666666666
0 0.415234375 0.3993055555555556 0.04921875 0.0875
1 0.13984375 0.5458333333333333 0.065625 0.09166666666666666
1 0.300390625 0.27291666666666664 0.03515625 0.05694444444444444
1 0.3609375 0.2298611111111111 0.03125 0.05694444444444444
1 0.618359375 0.09375 0.02734375 0.05138888888888889
1 0.653515625 0.08402777777777778 0.02578125 0.05138888888888889
1 0.741015625 0.2326388888888889 0.04609375 0.07916666666666666
1 0.74140625 0.1909722222222222 0.04375 0.05138888888888889
