1 0.522265625 0.23680555555555555 0.02109375 0.0375
1 0.55 0.2263888888888889 0.01875 0.03333333333333333
1 0.619921875 0.34097222222222223 0.03515625 0.06527777777777778
1 0.62265625 0.30625 0.034375 0.04027777777777778
1 0.031640625 0.7291666666666666 0.06171875 0.1
1 0.211328125 0.4166666666666667 0.03671875 0.058333333333333334
1 0.276171875 0.37222222222222223 0.03359375 0.05555555555555555
0 0.07421875 0.5090277777777777 0.0484375 0.06527777777777778
0 0.094140625 0.5798611111111112 0.05703125 0.07916666666666666
0 0.312109375 0.5097222222222222 0.05078125 0.08055555555555556
0 0.426953125 0.32013888888888886 0.02734375 0.05138888888888889
0 0.49296875 0.26944444444444443 0.025 0.04722222222222222
0 0.528515625 0.4083333333333333 0.03984375 0.07222222222222222
0 0.55859375 0.24097222222222223 0.021875 0.04027777777777778
0 0.576171875 0.22013888888888888 0.01953125 0.034722222222222224
0 0.59296875 0.2111111111111111 0.01875 0.03888888888888889
0 0.662890625 0.22916666666666666 0.02578125 0.04722222222222222
