1 0.597265625 0.5395833333333333 0.05859375 0.09861111111111111
1 0.6390625 0.5034722222222222 0.0515625 0.09027777777777778
1 0.635546875 0.28888888888888886 0.02890625 0.05
1 0.67578125 0.3 0.03125 0.04722222222222222
1 0.268359375 0.25972222222222224 0.03359375 0.05555555555555555
1 0.33125 0.25833333333333336 0.03125 0.05277777777777778
0 0.16015625 0.25833333333333336 0.0375 0.05555555555555555
0 0.099609375 0.3298611111111111 0.04921875 0.06805555555555555
0 0.1921875 0.42083333333333334 0.0609375 0.08333333333333333
0 0.420703125 0.5173611111111112 0.05546875 0.09305555555555556
0 0.430078125 0.3680555555555556 0.03984375 0.06944444444444445
0 0.567578125 0.30486111111111114 0.03046875 0.05694444444444444
0 0.6671875 0.32569444444444445 0.0328125 0.05694444444444444
0 0.71484375 0.31319444444444444 0.0296875 0.05138888888888889
0 0.745703125 0.3173611111111111 0.03203125 0.05694444444444444
