0 0.484375 0.45694444444444443 0.05 0.09166666666666666
0 0.498828125 0.3423611111111111 0.03828125 0.07083333333333333
0 0.634375 0.2673611111111111 0.03125 0.05694444444444444
0 0.737890625 0.2916666666666667 0.03671875 0.058333333333333334
0 0.7921875 0.28194444444444444 0.034375 0.05555555555555555
0 0.827734375 0.28680555555555554 0.03671875 0.059722222222222225
0 0.900390625 0.4 0.05546875 0.07777777777777778
0 0.26875 0.2263888888888889 0.03125 0.05
0 0.221875 0.2833333333333333 0.0375 0.058333333333333334
0 0.29609375 0.3701388888888889 0.0453125 0.07361111111111111
1 0.142578125 0.3284722222222222 0.04609375 0.06527777777777778
1 0.35859375 0.22708333333333333 0.028125 0.04861111111111111
1 0.412890625 0.22569444444444445 0.02734375 0.05138888888888889
1 0.647265625 0.4965277777777778 0.05703125 0.09583333333333334
1 0.69296875 0.4666666666666667 0.053125 0.09444444444444444
1 0.70703125 0.2548611111111111 0.03125 0.05416666666666667
1 0.7515625 0.26805555555555555 0.0328125 0.05
