1 0.348046875 0.6763888888888889 0.08203125 0.1361111111111111
1 0.508984375 0.19722222222222222 0.02421875 0.04722222222222222
1 0.682421875 0.19583333333333333 0.03046875 0.05277777777777778
1 0.725 0.2152777777777778 0.034375 0.058333333333333334
0 0.52109375 0.41180555555555554 0.0484375 0.09027777777777778
0 0.605078125 0.37430555555555556 0.04453125 0.08472222222222223
0 0.520703125 0.2638888888888889 0.03203125 0.06111111111111111
0 0.559765625 0.19375 0.02578125 0.04861111111111111
0 0.62890625 0.16666666666666666 0.0234375 0.04722222222222222
0 0.9546875 0.44513888888888886 0.0796875 0.10416666666666667
