0 0.479296875 0.7166666666666667 0.09296875 0.18055555555555555
0 0.58203125 0.25 0.046875 0.08611111111111111
0 0.676171875 0.18472222222222223 0.04140625 0.07222222222222222
0 0.72421875 0.18055555555555555 0.0421875 0.07777777777777778
0 0.73203125 0.1423611111111111 0.040625 0.0625
0 0.7625 0.1326388888888889 0.0375 0.07083333333333333
0 0.924609375 0.2076388888888889 0.06328125 0.09027777777777778
1 0.836328125 0.20277777777777778 0.05859375 0.08888888888888889
1 0.638671875 0.1736111111111111 0.03984375 0.06944444444444445
1 0.68828125 0.15625 0.0375 0.0625
1 0.178125 0.45555555555555555 0.065625 0.10555555555555556
1 0.084765625 0.5743055555555555 0.02578125 0.09861111111111111
1 0.98984375 0.3701388888888889 0.0203125 0.09305555555555556
