0 0.465625 0.60625 0.0453125 0.07361111111111111
0 0.48671875 0.5347222222222222 0.0375 0.06111111111111111
0 0.5875 0.5694444444444444 0.034375 0.058333333333333334
0 0.189453125 0.5569444444444445 0.05546875 0.08333333333333333
0 0.042578125 0.375 0.03828125 0.05555555555555555
0 0.08515625 0.375 0.0390625 0.05555555555555555
0 0.1171875 0.3902777777777778 0.046875 0.058333333333333334
0 0.146484375 0.37083333333333335 0.03359375 0.04722222222222222
1 0.137109375 0.35 0.03359375 0.030555555555555555
1 0.2671875 0.3798611111111111 0.0296875 0.043055555555555555
1 0.313671875 0.40069444444444446 0.03203125 0.04583333333333333
1 0.49921875 0.5006944444444444 0.0359375 0.04861111111111111
1 0.57421875 0.5416666666666666 0.0375 0.05555555555555555
1 0.623828125 0.5840277777777778 0.03984375 0.06527777777777778
