0 0.4203125 0.43125 0.0421875 0.07083333333333333
0 0.6234375 0.38333333333333336 0.034375 0.06111111111111111
0 0.653125 0.40347222222222223 0.0375 0.0625
0 0.77109375 0.44375 0.0453125 0.07083333333333333
0 0.128125 0.35208333333333336 0.040625 0.05694444444444444
0 0.237109375 0.3111111111111111 0.03203125 0.05277777777777778
0 0.2609375 0.2951388888888889 0.0296875 0.04861111111111111
0 0.292578125 0.2861111111111111 0.03203125 0.05
0 0.321875 0.29930555555555555 0.0296875 0.05138888888888889
0 0.328515625 0.2798611111111111 0.02890625 0.04583333333333333
1 0.180078125 0.3298611111111111 0.02734375 0.05416666666666667
1 0.318359375 0.2625 0.02109375 0.030555555555555555
1 0.4234375 0.275 0.0265625 0.04722222222222222
1 0.465234375 0.2881944444444444 0.02734375 0.04583333333333333
1 0.6609375 0.3680555555555556 0.0359375 0.05
1 0.74765625 0.41388888888888886 0.0421875 0.06388888888888888
1 0.81484375 0.4618055555555556 0.046875 0.07083333333333333
