1 0.436328125 0.17083333333333334 0.03671875 0.07222222222222222
1 0.45859375 0.12152777777777778 0.028125 0.05416666666666667
1 0.533984375 0.19652777777777777 0.03359375 0.06805555555555555
1 0.7453125 0.4166666666666667 0.0578125 0.09444444444444444
1 0.89140625 0.6451388888888889 0.0921875 0.13194444444444445
1 0.94921875 0.8875 0.1015625 0.11388888888888889
0 0.34375 0.12916666666666668 0.0390625 0.07777777777777778
0 0.411328125 0.09236111111111112 0.02734375 0.05694444444444444
0 0.478515625 0.18055555555555555 0.03515625 0.07222222222222222
0 0.4953125 0.09791666666666667 0.0234375 0.04861111111111111
0 0.48203125 0.1451388888888889 0.0328125 0.05416666666666667
0 0.51640625 0.15208333333333332 0.0296875 0.059722222222222225
0 0.538671875 0.16875 0.03203125 0.04583333333333333
0 0.649609375 0.5708333333333333 0.08203125 0.1388888888888889
0 0.84140625 0.5458333333333333 0.0734375 0.10833333333333334
