1 0.69921875 0.3111111111111111 0.0265625 0.04722222222222222
1 0.751171875 0.30486111111111114 0.02734375 0.04583333333333333
1 0.79765625 0.30833333333333335 0.025 0.044444444444444446
1 0.30859375 0.42916666666666664 0.0390625 0.06944444444444445
1 0.468359375 0.4513888888888889 0.03984375 0.06944444444444445
1 0.438671875 0.3506944444444444 0.03046875 0.05416666666666667
1 0.4984375 0.33611111111111114 0.0296875 0.04722222222222222
0 0.79296875 0.50625 0.0546875 0.07916666666666666
0 0.6984375 0.4597222222222222 0.04375 0.06944444444444445
0 0.569140625 0.34305555555555556 0.02734375 0.05277777777777778
0 0.681640625 0.325 0.02890625 0.05277777777777778
0 0.725 0.33055555555555555 0.0296875 0.05277777777777778
0 0.778125 0.31180555555555556 0.0296875 0.043055555555555555
0 0.2296875 0.7652777777777777 0.0859375 0.1361111111111111
0 0.28515625 0.5125 0.05625 0.08055555555555556
0 0.346875 0.42777777777777776 0.04375 0.06944444444444445
0 0.49140625 0.3729166666666667 0.0328125 0.059722222222222225
