0 0.4921875 0.2659722222222222 0.034375 0.06805555555555555
0 0.584375 0.3861111111111111 0.046875 0.08888888888888889
0 0.59765625 0.22777777777777777 0.0359375 0.06944444444444445
0 0.609765625 0.19375 0.03203125 0.05694444444444444
0 0.661328125 0.19236111111111112 0.03671875 0.06527777777777778
0 0.73203125 0.15833333333333333 0.034375 0.058333333333333334
0 0.075 0.5625 0.078125 0.10277777777777777
0 0.176953125 0.41458333333333336 0.05390625 0.08194444444444444
0 0.37890625 0.3076388888888889 0.040625 0.0763888888888889
1 0.13515625 0.42569444444444443 0.0515625 0.08472222222222223
1 0.2609375 0.3368055555555556 0.04375 0.07361111111111111
1 0.31328125 0.2826388888888889 0.0375 0.06527777777777778
1 0.3890625 0.24930555555555556 0.0359375 0.05694444444444444
1 0.634765625 0.17222222222222222 0.03046875 0.06111111111111111
1 0.701171875 0.1527777777777778 0.03359375 0.058333333333333334
1 0.75703125 0.14930555555555555 0.0265625 0.059722222222222225
