1 0.550390625 0.18125 0.02890625 0.05694444444444444
1 0.608203125 0.14444444444444443 0.03203125 0.058333333333333334
1 0.656640625 0.12708333333333333 0.02890625 0.05694444444444444
1 0.0609375 0.6048611111111111 0.053125 0.0875
1 0.12890625 0.5104166666666666 0.0578125 0.0763888888888889
1 0.239453125 0.3972222222222222 0.04453125 0.06666666666666667
1 0.316015625 0.33055555555555555 0.04140625 0.058333333333333334
0 0.44765625 0.2763888888888889 0.034375 0.06388888888888888
0 0.539453125 0.38958333333333334 0.04921875 0.0875
0 0.537890625 0.25763888888888886 0.03828125 0.07361111111111111
0 0.5296875 0.20694444444444443 0.0328125 0.058333333333333334
0 0.579296875 0.19236111111111112 0.03203125 0.0625
0 0.637109375 0.14166666666666666 0.03046875 0.06111111111111111
0 0.03125 0.775 0.0609375 0.12222222222222222
0 0.105859375 0.6048611111111111 0.06953125 0.09583333333333334
0 0.325 0.3798611111111111 0.04375 0.0763888888888889
