0 0.41484375 0.30069444444444443 0.0390625 0.06527777777777778
0 0.533203125 0.3729166666666667 0.04765625 0.0875
0 0.54921875 0.2611111111111111 0.040625 0.07777777777777778
0 0.516796875 0.19305555555555556 0.03046875 0.06111111111111111
0 0.566796875 0.17083333333333334 0.03203125 0.06388888888888888
0 0.62421875 0.11388888888888889 0.028125 0.058333333333333334
0 0.126953125 0.6215277777777778 0.06796875 0.09027777777777778
0 0.322265625 0.39444444444444443 0.04765625 0.07777777777777778
0 0.037109375 0.8020833333333334 0.07265625 0.11805555555555555
1 0.06796875 0.6347222222222222 0.0609375 0.08888888888888889
1 0.09375 0.5645833333333333 0.0578125 0.06805555555555555
1 0.232421875 0.4111111111111111 0.04296875 0.06666666666666667
1 0.3078125 0.3388888888888889 0.0390625 0.058333333333333334
1 0.5359375 0.1638888888888889 0.0296875 0.058333333333333334
1 0.594140625 0.12222222222222222 0.02734375 0.058333333333333334
1 0.64375 0.09791666666666667 0.025 0.05694444444444444
