1 0.615234375 0.15902777777777777 0.03828125 0.06805555555555555
1 0.70859375 0.14583333333333334 0.0390625 0.07222222222222222
1 0.782421875 0.15138888888888888 0.04140625 0.07222222222222222
1 0.14140625 0.3173611111111111 0.040625 0.05694444444444444
1 0.1734375 0.2916666666666667 0.0390625 0.06388888888888888
1 0.2875 0.23055555555555557 0.0359375 0.06388888888888888
1 0.35234375 0.21041666666666667 0.0328125 0.0625
0 0.075 0.42083333333333334 0.0546875 0.07222222222222222
0 0.153125 0.3486111111111111 0.0484375 0.06944444444444445
0 0.3140625 0.26666666666666666 0.040625 0.07222222222222222
0 0.414453125 0.4041666666666667 0.05703125 0.09444444444444444
0 0.436328125 0.22013888888888888 0.03671875 0.06805555555555555
0 0.50546875 0.2972222222222222 0.046875 0.09166666666666666
0 0.569921875 0.1840277777777778 0.03671875 0.07083333333333333
0 0.626953125 0.1909722222222222 0.04140625 0.0763888888888889
0 0.74375 0.15902777777777777 0.0453125 0.07361111111111111
