1 0.5171875 0.14166666666666666 0.0328125 0.06388888888888888
1 0.595703125 0.12083333333333333 0.03046875 0.06388888888888888
1 0.65625 0.11875 0.034375 0.06805555555555555
1 0.01640625 0.3770833333333333 0.03125 0.06805555555555555
1 0.047265625 0.33958333333333335 0.04921875 0.06527777777777778
1 0.183203125 0.25069444444444444 0.04140625 0.0625
1 0.256640625 0.22083333333333333 0.03984375 0.06388888888888888
0 0.034375 0.4 0.0609375 0.07222222222222222
0 0.226953125 0.2798611111111111 0.04453125 0.06805555555555555
0 0.3578125 0.3784722222222222 0.0546875 0.09027777777777778
0 0.3546875 0.22291666666666668 0.0390625 0.06805555555555555
0 0.44765625 0.25833333333333336 0.0453125 0.07777777777777778
0 0.480078125 0.16597222222222222 0.03359375 0.06527777777777778
0 0.531640625 0.16666666666666666 0.03671875 0.06944444444444445
0 0.626171875 0.12708333333333333 0.03359375 0.0625
