1 0.105078125 0.4597222222222222 0.07109375 0.08888888888888889
1 0.43203125 0.2465277777777778 0.0359375 0.07083333333333333
1 0.491796875 0.20833333333333334 0.03046875 0.058333333333333334
1 0.541015625 0.19166666666666668 0.02578125 0.058333333333333334
0 0.75 0.225 0.0390625 0.06666666666666667
0 0.578515625 0.23402777777777778 0.03359375 0.06805555555555555
0 0.524609375 0.20694444444444443 0.03046875 0.06111111111111111
0 0.41328125 0.27708333333333335 0.0359375 0.07083333333333333
0 0.468359375 0.25833333333333336 0.03671875 0.06666666666666667
0 0.110546875 0.5520833333333334 0.08359375 0.10972222222222222
0 0.294921875 0.3840277777777778 0.05390625 0.08194444444444444
