0 0.0421875 0.90625 0.0828125 0.17916666666666667
0 0.188671875 0.49236111111111114 0.08046875 0.12083333333333333
0 0.3109375 0.3875 0.065625 0.10555555555555556
0 0.5453125 0.30625 0.05 0.09305555555555556
0 0.6953125 0.2826388888888889 0.046875 0.08472222222222223
0 0.84453125 0.2569444444444444 0.05625 0.08055555555555556
0 0.9203125 0.2791666666666667 0.0578125 0.08333333333333333
0 0.987109375 0.2652777777777778 0.02578125 0.08055555555555556
1 0.544921875 0.2326388888888889 0.03984375 0.07083333333333333
1 0.86796875 0.23333333333333334 0.0421875 0.07222222222222222
1 0.955078125 0.2423611111111111 0.05234375 0.07361111111111111
1 0.265625 0.3458333333333333 0.059375 0.09444444444444444
1 0.298046875 0.30277777777777776 0.05078125 0.08055555555555556
1 0.458203125 0.2465277777777778 0.04296875 0.07916666666666666
