1 0.775390625 0.20555555555555555 0.03671875 0.05
1 0.84375 0.20833333333333334 0.04375 0.058333333333333334
1 0.906640625 0.21805555555555556 0.02734375 0.06111111111111111
1 0.174609375 0.41180555555555554 0.07421875 0.11527777777777778
1 0.212109375 0.3506944444444444 0.06171875 0.09305555555555556
1 0.39921875 0.26180555555555557 0.04375 0.08472222222222223
1 0.49140625 0.24097222222222223 0.0421875 0.07361111111111111
0 0.10546875 0.6319444444444444 0.0671875 0.16666666666666666
0 0.2375 0.45 0.0765625 0.125
0 0.497265625 0.31319444444444444 0.04609375 0.09305555555555556
0 0.642578125 0.25972222222222224 0.03984375 0.07777777777777778
0 0.702734375 0.32916666666666666 0.05234375 0.08611111111111111
0 0.7609375 0.2361111111111111 0.04375 0.06944444444444445
0 0.812890625 0.24722222222222223 0.04765625 0.06944444444444445
0 0.881640625 0.225 0.03984375 0.06111111111111111
0 0.944140625 0.24583333333333332 0.05078125 0.06388888888888888
