0 0.428515625 0.21805555555555556 0.03671875 0.06111111111111111
0 0.471484375 0.21388888888888888 0.03515625 0.06388888888888888
0 0.511328125 0.17569444444444443 0.02734375 0.05416666666666667
0 0.565234375 0.17777777777777778 0.02734375 0.05555555555555555
0 0.611328125 0.31666666666666665 0.04140625 0.07222222222222222
0 0.705078125 0.21875 0.03046875 0.05138888888888889
0 0.158203125 0.4152777777777778 0.07890625 0.10277777777777777
0 0.3078125 0.3020833333333333 0.0484375 0.08194444444444444
1 0.013671875 0.4388888888888889 0.02578125 0.10833333333333334
1 0.126171875 0.33819444444444446 0.06796875 0.0875
1 0.4328125 0.18819444444444444 0.0328125 0.04583333333333333
1 0.483203125 0.17152777777777778 0.02890625 0.05416666666666667
1 0.52578125 0.16527777777777777 0.0234375 0.05
