1 0.3640625 0.2951388888888889 0.021875 0.0375
1 0.42421875 0.5493055555555556 0.0203125 0.043055555555555555
1 0.442578125 0.5625 0.02421875 0.03888888888888889
1 0.49765625 0.6333333333333333 0.025 0.041666666666666664
1 0.52578125 0.6784722222222223 0.028125 0.05416666666666667
1 0.7015625 0.98125 0.0515625 0.0375
0 0.369921875 0.5173611111111112 0.02421875 0.043055555555555555
0 0.430078125 0.7729166666666667 0.05078125 0.09305555555555556
0 0.409375 0.5548611111111111 0.025 0.043055555555555555
0 0.47578125 0.65 0.0296875 0.05277777777777778
0 0.5296875 0.7520833333333333 0.0375 0.06805555555555555
0 0.561328125 0.7819444444444444 0.03671875 0.06666666666666667
