0 0.458984375 0.2611111111111111 0.04296875 0.08611111111111111
0 0.345703125 0.14097222222222222 0.03046875 0.05694444444444444
0 0.6953125 0.5611111111111111 0.0921875 0.15
0 0.7078125 0.3486111111111111 0.0703125 0.11388888888888889
0 0.534765625 0.2048611111111111 0.04140625 0.08194444444444444
0 0.6625 0.23680555555555555 0.05 0.08472222222222223
0 0.408984375 0.15833333333333333 0.03359375 0.06388888888888888
0 0.43984375 0.14722222222222223 0.034375 0.06111111111111111
1 0.711328125 0.22916666666666666 0.05546875 0.09166666666666666
1 0.65 0.20069444444444445 0.0453125 0.07916666666666666
1 0.563671875 0.1701388888888889 0.03828125 0.0763888888888889
1 0.294140625 0.10902777777777778 0.02578125 0.043055555555555555
1 0.361328125 0.10416666666666667 0.02578125 0.05
1 0.396484375 0.10902777777777778 0.02890625 0.04583333333333333
