1 0.406640625 0.14305555555555555 0.04609375 0.08888888888888889
1 0.5046875 0.17777777777777778 0.0484375 0.08611111111111111
1 0.56953125 0.20416666666666666 0.0484375 0.09444444444444444
1 0.026171875 0.07708333333333334 0.04609375 0.0625
1 0.132421875 0.06527777777777778 0.04296875 0.06666666666666667
1 0.182421875 0.07013888888888889 0.04296875 0.06805555555555555
0 0.108203125 0.11527777777777778 0.05234375 0.07222222222222222
0 0.203515625 0.13194444444444445 0.04921875 0.08055555555555556
0 0.24609375 0.12013888888888889 0.04375 0.08194444444444444
0 0.27734375 0.2590277777777778 0.065625 0.10416666666666667
0 0.37265625 0.1840277777777778 0.053125 0.09583333333333334
0 0.520703125 0.21458333333333332 0.05234375 0.09861111111111111
0 0.58125 0.3402777777777778 0.0703125 0.11944444444444445
0 0.591015625 0.5722222222222222 0.09140625 0.1638888888888889
