1 0.478125 0.3104166666666667 0.025 0.04583333333333333
1 0.115234375 0.22708333333333333 0.04453125 0.06527777777777778
1 0.190234375 0.20972222222222223 0.03203125 0.05277777777777778
1 0.25703125 0.21458333333333332 0.03125 0.05138888888888889
1 0.330078125 0.2375 0.02734375 0.05
0 0.43671875 0.33541666666666664 0.0296875 0.05138888888888889
0 0.446484375 0.2847222222222222 0.02265625 0.041666666666666664
0 0.518359375 0.31666666666666665 0.02109375 0.041666666666666664
0 0.155078125 0.22430555555555556 0.03984375 0.0625
0 0.167578125 0.1798611111111111 0.03203125 0.0375
0 0.2109375 0.22916666666666666 0.0375 0.06111111111111111
