0 0.434375 0.4097222222222222 0.028125 0.04722222222222222
0 0.43828125 0.3625 0.021875 0.03888888888888889
0 0.508984375 0.36527777777777776 0.01953125 0.03611111111111111
0 0.0109375 0.4083333333333333 0.0203125 0.06111111111111111
0 0.165234375 0.40555555555555556 0.03828125 0.05555555555555555
0 0.170703125 0.36319444444444443 0.02890625 0.034722222222222224
0 0.21484375 0.39166666666666666 0.0359375 0.05555555555555555
1 0.4703125 0.37569444444444444 0.025 0.043055555555555555
1 0.255078125 0.3638888888888889 0.02890625 0.04722222222222222
1 0.32578125 0.36041666666666666 0.0265625 0.043055555555555555
1 0.1921875 0.3819444444444444 0.025 0.04722222222222222
1 0.12734375 0.4201388888888889 0.0421875 0.05694444444444444
