1 0.58125 0.45625 0.0265625 0.05138888888888889
1 0.337109375 0.28680555555555554 0.02421875 0.04027777777777778
1 0.39296875 0.3111111111111111 0.0234375 0.044444444444444446
1 0.45078125 0.34652777777777777 0.025 0.04583333333333333
1 0.269921875 0.28055555555555556 0.03203125 0.05277777777777778
1 0.130859375 0.19791666666666666 0.03515625 0.05416666666666667
0 0.515234375 0.45625 0.03203125 0.05694444444444444
0 0.5546875 0.4215277777777778 0.0234375 0.04583333333333333
0 0.634765625 0.47847222222222224 0.02734375 0.04861111111111111
0 0.3015625 0.28958333333333336 0.03125 0.05138888888888889
0 0.332421875 0.26666666666666666 0.02265625 0.030555555555555555
0 0.344921875 0.30486111111111114 0.02890625 0.05416666666666667
0 0.21015625 0.21458333333333332 0.03125 0.04861111111111111
0 0.109765625 0.16041666666666668 0.03359375 0.02638888888888889
