1 0.12421875 0.8256944444444444 0.246875 0.3486111111111111
1 0.863671875 0.3013888888888889 0.08046875 0.14166666666666666
1 0.21796875 0.04027777777777778 0.028125 0.044444444444444446
1 0.278125 0.034027777777777775 0.0265625 0.043055555555555555
1 0.1546875 0.027083333333333334 0.0171875 0.018055555555555554
1 0.248046875 0.01597222222222222 0.01171875 0.018055555555555554
1 0.257421875 0.013888888888888888 0.01015625 0.016666666666666666
1 0.3171875 0.0125 0.0125 0.019444444444444445
1 0.338671875 0.010416666666666666 0.01171875 0.018055555555555554
0 0.264453125 0.8993055555555556 0.32265625 0.2013888888888889
0 0.02578125 0.22361111111111112 0.05 0.1111111111111111
0 0.037109375 0.19166666666666668 0.07265625 0.09166666666666666
