0 0.378515625 0.7819444444444444 0.08984375 0.16111111111111112
0 0.096875 0.21388888888888888 0.0359375 0.030555555555555555
0 0.1734375 0.26875 0.0375 0.059722222222222225
0 0.203515625 0.3541666666666667 0.04765625 0.07777777777777778
0 0.255859375 0.3798611111111111 0.04921875 0.07916666666666666
0 0.29609375 0.33611111111111114 0.0375 0.06388888888888888
0 0.58671875 0.6388888888888888 0.0546875 0.1
0 0.788671875 0.86875 0.08515625 0.14583333333333334
1 0.620703125 0.775 0.07421875 0.14166666666666666
1 0.35390625 0.3902777777777778 0.040625 0.06944444444444445
1 0.42421875 0.45069444444444445 0.0421875 0.0763888888888889
1 0.078515625 0.2513888888888889 0.04296875 0.06111111111111111
1 0.15703125 0.3423611111111111 0.046875 0.0763888888888889
1 0.27109375 0.3597222222222222 0.04375 0.06944444444444445
