0 0.471875 0.7486111111111111 0.0765625 0.14722222222222223
0 0.368359375 0.44166666666666665 0.05390625 0.09166666666666666
0 0.31640625 0.3923611111111111 0.0515625 0.08472222222222223
0 0.424609375 0.38333333333333336 0.03828125 0.06944444444444445
0 0.32109375 0.28402777777777777 0.0359375 0.0625
0 0.133984375 0.4965277777777778 0.08671875 0.12083333333333333
0 0.157421875 0.12361111111111112 0.02734375 0.03888888888888889
0 0.168359375 0.12013888888888889 0.02109375 0.0375
0 0.266015625 0.21944444444444444 0.03359375 0.03611111111111111
1 0.497265625 0.6229166666666667 0.06328125 0.1125
1 0.391015625 0.4152777777777778 0.04453125 0.08055555555555556
1 0.47421875 0.4722222222222222 0.046875 0.08333333333333333
1 0.040234375 0.1625 0.04296875 0.058333333333333334
1 0.156640625 0.24375 0.04609375 0.06805555555555555
1 0.2421875 0.2548611111111111 0.0375 0.0625
1 0.269921875 0.36875 0.05078125 0.08194444444444444
