1 0.591796875 0.5430555555555555 0.05859375 0.1
1 0.55546875 0.4826388888888889 0.0546875 0.09305555555555556
1 0.383203125 0.4236111111111111 0.05703125 0.1
1 0.499609375 0.3784722222222222 0.04453125 0.08194444444444444
1 0.081640625 0.12638888888888888 0.04609375 0.06666666666666667
1 0.28203125 0.19930555555555557 0.0375 0.07083333333333333
1 0.314453125 0.2222222222222222 0.03984375 0.07222222222222222
0 0.449609375 0.5236111111111111 0.06484375 0.1111111111111111
0 0.435546875 0.4097222222222222 0.04921875 0.08888888888888889
0 0.54296875 0.38263888888888886 0.04375 0.0763888888888889
0 0.58125 0.4395833333333333 0.0453125 0.07916666666666666
0 0.351171875 0.26666666666666666 0.04140625 0.075
0 0.4078125 0.25069444444444444 0.0390625 0.07361111111111111
0 0.33046875 0.16527777777777777 0.0375 0.03888888888888889
0 0.18828125 0.03333333333333333 0.028125 0.044444444444444446
0 0.2 0.02638888888888889 0.025 0.044444444444444446
