1 0.32578125 0.6625 0.0546875 0.08611111111111111
1 0.462109375 0.34930555555555554 0.03046875 0.05694444444444444
1 0.647265625 0.3347222222222222 0.03515625 0.06388888888888888
1 0.751171875 0.29375 0.03828125 0.06527777777777778
1 0.783984375 0.28402777777777777 0.03984375 0.0625
0 0.518359375 0.4013888888888889 0.03359375 0.06388888888888888
0 0.53125 0.31319444444444444 0.0296875 0.05416666666666667
0 0.621875 0.3229166666666667 0.0296875 0.0625
0 0.68359375 0.2638888888888889 0.0296875 0.05555555555555555
0 0.786328125 0.2326388888888889 0.03359375 0.05138888888888889
0 0.885546875 0.22013888888888888 0.03515625 0.05416666666666667
0 0.666796875 0.5041666666666667 0.04921875 0.08055555555555556
