0 0.436328125 0.3347222222222222 0.03515625 0.06388888888888888
0 0.456640625 0.24930555555555556 0.02734375 0.05694444444444444
0 0.540625 0.26180555555555557 0.0296875 0.05694444444444444
0 0.560546875 0.42569444444444443 0.04296875 0.07916666666666666
0 0.601171875 0.2048611111111111 0.02890625 0.05416666666666667
0 0.69375 0.18263888888888888 0.03125 0.05138888888888889
0 0.780859375 0.175 0.03203125 0.05
1 0.3890625 0.28194444444444444 0.03125 0.06111111111111111
1 0.240625 0.5715277777777777 0.05625 0.07916666666666666
1 0.56171875 0.2743055555555556 0.03125 0.0625
1 0.655859375 0.24027777777777778 0.03203125 0.05555555555555555
1 0.6859375 0.23125 0.03125 0.059722222222222225
0 0.92890625 0.22430555555555556 0.0328125 0.05416666666666667
