1 0.23359375 0.5215277777777778 0.0453125 0.06527777777777778
1 0.43046875 0.3 0.028125 0.05
1 0.57578125 0.3215277777777778 0.0375 0.06527777777777778
1 0.699609375 0.2923611111111111 0.03984375 0.06527777777777778
1 0.741796875 0.28958333333333336 0.04140625 0.07083333333333333
1 0.65546875 0.1125 0.0171875 0.030555555555555555
0 0.4421875 0.3611111111111111 0.03125 0.058333333333333334
0 0.4921875 0.48333333333333334 0.0453125 0.07777777777777778
0 0.498046875 0.27361111111111114 0.02890625 0.05
0 0.564453125 0.30069444444444443 0.03515625 0.0625
0 0.655078125 0.2465277777777778 0.03203125 0.059722222222222225
0 0.78359375 0.22569444444444445 0.0390625 0.07083333333333333
0 0.9234375 0.22708333333333333 0.0453125 0.07083333333333333
