0 0.399609375 0.4326388888888889 0.04921875 0.08194444444444444
0 0.384765625 0.2965277777777778 0.03515625 0.0625
0 0.45859375 0.21041666666666667 0.0296875 0.05416666666666667
0 0.5140625 0.23819444444444443 0.034375 0.059722222222222225
0 0.6171875 0.18333333333333332 0.0328125 0.06388888888888888
0 0.75390625 0.16805555555555557 0.0453125 0.07777777777777778
0 0.9078125 0.17291666666666666 0.05625 0.08194444444444444
1 0.173046875 0.4534722222222222 0.04765625 0.06527777777777778
1 0.38984375 0.2361111111111111 0.0296875 0.05277777777777778
1 0.518359375 0.2604166666666667 0.03984375 0.06805555555555555
1 0.64765625 0.2361111111111111 0.040625 0.075
1 0.658984375 0.04375 0.02421875 0.0375
1 0.6921875 0.23402777777777778 0.0453125 0.08472222222222223
