1 0.293359375 0.6347222222222222 0.06640625 0.10277777777777777
1 0.45859375 0.25555555555555554 0.0359375 0.06388888888888888
1 0.67421875 0.23958333333333334 0.04375 0.07361111111111111
1 0.796875 0.1909722222222222 0.0453125 0.0763888888888889
1 0.84140625 0.18263888888888888 0.0421875 0.07361111111111111
0 0.5203125 0.32083333333333336 0.0390625 0.075
0 0.5390625 0.21319444444444444 0.0328125 0.059722222222222225
0 0.69921875 0.44513888888888886 0.0640625 0.10138888888888889
0 0.645703125 0.22361111111111112 0.03828125 0.06388888888888888
0 0.718359375 0.15138888888888888 0.03671875 0.06111111111111111
0 0.839453125 0.12083333333333333 0.04140625 0.06111111111111111
0 0.959765625 0.1076388888888889 0.04921875 0.06527777777777778
