0 0.519140625 0.26805555555555555 0.04609375 0.08333333333333333
0 0.50078125 0.1798611111111111 0.0328125 0.06527777777777778
0 0.618359375 0.16458333333333333 0.03984375 0.07083333333333333
0 0.753515625 0.3173611111111111 0.06796875 0.11527777777777778
0 0.662109375 0.1076388888888889 0.03515625 0.0625
0 0.755859375 0.06875 0.03671875 0.05694444444444444
0 0.842578125 0.050694444444444445 0.03359375 0.059722222222222225
1 0.41953125 0.2326388888888889 0.0390625 0.07361111111111111
1 0.305078125 0.6715277777777777 0.09609375 0.15416666666666667
1 0.653125 0.17152777777777778 0.04375 0.08194444444444444
1 0.74609375 0.12013888888888889 0.040625 0.06805555555555555
1 0.77890625 0.1125 0.0390625 0.06944444444444445
1 0.515234375 0.05486111111111111 0.01328125 0.020833333333333332
