1 0.321484375 0.6472222222222223 0.11484375 0.18611111111111112
1 0.42109375 0.2125 0.0421875 0.08333333333333333
1 0.660546875 0.125 0.04296875 0.08611111111111111
1 0.750390625 0.07430555555555556 0.04296875 0.07083333333333333
1 0.7828125 0.06388888888888888 0.034375 0.06666666666666667
0 0.50078125 0.15416666666666667 0.0359375 0.06666666666666667
0 0.527734375 0.22291666666666668 0.04453125 0.09305555555555556
0 0.62109375 0.13055555555555556 0.034375 0.08055555555555556
0 0.6640625 0.07291666666666667 0.0359375 0.05138888888888889
0 0.786328125 0.23194444444444445 0.07109375 0.12222222222222222
0 0.754296875 0.03888888888888889 0.03671875 0.06388888888888888
0 0.8375 0.019444444444444445 0.034375 0.03611111111111111
1 0.505078125 0.05486111111111111 0.01640625 0.034722222222222224
