1 0.14453125 0.5138888888888888 0.0578125 0.07777777777777778
1 0.40234375 0.20902777777777778 0.0328125 0.05694444444444444
1 0.58125 0.24930555555555556 0.0453125 0.08472222222222223
1 0.75078125 0.2263888888888889 0.0546875 0.08888888888888889
1 0.809765625 0.22708333333333333 0.06171875 0.09583333333333334
0 0.4078125 0.2965277777777778 0.04375 0.0763888888888889
0 0.456640625 0.5069444444444444 0.06484375 0.10555555555555556
0 0.4859375 0.1798611111111111 0.0375 0.06527777777777778
0 0.566796875 0.22083333333333333 0.04453125 0.07222222222222222
0 0.68984375 0.15069444444444444 0.04375 0.07916666666666666
0 0.864453125 0.1375 0.05546875 0.08888888888888889
