0 0.085546875 0.2708333333333333 0.03984375 0.058333333333333334
0 0.206640625 0.2902777777777778 0.03828125 0.058333333333333334
0 0.220703125 0.26319444444444445 0.03671875 0.059722222222222225
0 0.352734375 0.24375 0.02265625 0.0375
0 0.354296875 0.27569444444444446 0.03046875 0.03194444444444444
0 0.3859375 0.25416666666666665 0.0203125 0.041666666666666664
0 0.4140625 0.2847222222222222 0.0265625 0.04722222222222222
0 0.4328125 0.34097222222222223 0.03125 0.05416666666666667
1 0.115234375 0.3013888888888889 0.04609375 0.06666666666666667
1 0.18671875 0.2722222222222222 0.0296875 0.05277777777777778
1 0.3390625 0.25555555555555554 0.0265625 0.044444444444444446
1 0.35546875 0.30069444444444443 0.0296875 0.05138888888888889
1 0.4 0.26666666666666666 0.021875 0.044444444444444446
1 0.423828125 0.2659722222222222 0.02109375 0.04027777777777778
