0 0.44921875 0.44375 0.0625 0.10972222222222222
0 0.455859375 0.30833333333333335 0.03671875 0.07222222222222222
0 0.543359375 0.2298611111111111 0.03671875 0.0625
0 0.608203125 0.24861111111111112 0.04296875 0.06944444444444445
0 0.74609375 0.19444444444444445 0.046875 0.08055555555555556
0 0.954296875 0.17083333333333334 0.06953125 0.1
1 0.221875 0.44027777777777777 0.046875 0.06388888888888888
1 0.46953125 0.2534722222222222 0.0265625 0.05416666666666667
1 0.614453125 0.26805555555555555 0.04453125 0.08611111111111111
1 0.798046875 0.24375 0.06328125 0.10416666666666667
1 0.782421875 0.08263888888888889 0.02421875 0.04027777777777778
1 0.869921875 0.24097222222222223 0.07421875 0.10972222222222222
