1 0.7078125 0.06041666666666667 0.0203125 0.043055555555555555
1 0.098828125 0.38680555555555557 0.05859375 0.0875
1 0.389453125 0.19305555555555556 0.03671875 0.06111111111111111
1 0.530078125 0.22361111111111112 0.04453125 0.08611111111111111
1 0.695703125 0.2076388888888889 0.05234375 0.09861111111111111
1 0.753515625 0.21180555555555555 0.05859375 0.10416666666666667
0 0.347265625 0.3902777777777778 0.06640625 0.11388888888888889
0 0.36875 0.2513888888888889 0.0421875 0.075
0 0.466796875 0.17777777777777778 0.03359375 0.06111111111111111
0 0.525390625 0.19722222222222222 0.03671875 0.06111111111111111
0 0.6546875 0.16180555555555556 0.0375 0.07916666666666666
0 0.832421875 0.1527777777777778 0.05390625 0.09444444444444444
