1 0.1140625 0.46458333333333335 0.046875 0.07083333333333333
1 0.351953125 0.2222222222222222 0.03203125 0.058333333333333334
1 0.466015625 0.2652777777777778 0.04453125 0.08333333333333333
1 0.607421875 0.24375 0.04765625 0.09305555555555556
1 0.659375 0.24444444444444444 0.0515625 0.09722222222222222
0 0.32890625 0.30277777777777776 0.0421875 0.06944444444444445
0 0.301953125 0.48333333333333334 0.05859375 0.09166666666666666
0 0.41953125 0.19444444444444445 0.03125 0.06388888888888888
0 0.46640625 0.23194444444444445 0.0390625 0.06666666666666667
0 0.587890625 0.16666666666666666 0.03828125 0.075
0 0.748828125 0.14791666666666667 0.05390625 0.0875
0 0.944921875 0.16527777777777777 0.07421875 0.11388888888888889
