0 0.38125 0.2548611111111111 0.0484375 0.0875
0 0.469140625 0.12152777777777778 0.03515625 0.07083333333333333
0 0.58359375 0.06458333333333334 0.0328125 0.07083333333333333
0 0.601953125 0.12291666666666666 0.03828125 0.07083333333333333
0 0.753515625 0.11944444444444445 0.05234375 0.09722222222222222
0 0.960546875 0.20972222222222223 0.07890625 0.12777777777777777
1 0.2921875 0.1638888888888889 0.0328125 0.06388888888888888
1 0.51796875 0.06180555555555556 0.03125 0.0625
1 0.583984375 0.15138888888888888 0.04296875 0.09166666666666666
1 0.728515625 0.21180555555555555 0.06328125 0.11527777777777778
1 0.78515625 0.24305555555555555 0.075 0.125
