1 0.308984375 0.1840277777777778 0.03359375 0.059722222222222225
1 0.5359375 0.11944444444444445 0.0328125 0.058333333333333334
1 0.596484375 0.18958333333333333 0.04453125 0.0875
1 0.744921875 0.24861111111111112 0.06640625 0.1111111111111111
1 0.80546875 0.28055555555555556 0.08125 0.12222222222222222
0 0.3859375 0.2638888888888889 0.053125 0.09444444444444444
0 0.48515625 0.1625 0.0328125 0.06666666666666667
0 0.5984375 0.12777777777777777 0.034375 0.06388888888888888
0 0.614453125 0.17083333333333334 0.03828125 0.08055555555555556
0 0.769140625 0.17847222222222223 0.05546875 0.09027777777777778
0 0.971875 0.2604166666666667 0.05625 0.12916666666666668
1 0.993359375 0.08819444444444445 0.01328125 0.04027777777777778
