1 0.271875 0.1840277777777778 0.034375 0.05694444444444444
1 0.500390625 0.06041666666666667 0.02890625 0.07083333333333333
1 0.58203125 0.1701388888888889 0.0453125 0.09027777777777778
1 0.7234375 0.23194444444444445 0.0609375 0.09444444444444444
1 0.779296875 0.26458333333333334 0.06484375 0.10694444444444444
0 0.458984375 0.13125 0.03203125 0.07083333333333333
0 0.394921875 0.29375 0.04921875 0.0875
0 0.56640625 0.06666666666666667 0.0328125 0.06944444444444445
0 0.594140625 0.13541666666666666 0.03984375 0.07083333333333333
0 0.73671875 0.13333333333333333 0.053125 0.08611111111111111
0 0.925 0.2222222222222222 0.075 0.10555555555555556
