1 0.2 0.5236111111111111 0.0640625 0.08611111111111111
1 0.46953125 0.20069444444444445 0.0359375 0.07083333333333333
1 0.68125 0.29930555555555555 0.053125 0.09305555555555556
1 0.87578125 0.31319444444444444 0.065625 0.10694444444444444
1 0.942578125 0.3298611111111111 0.07421875 0.10138888888888889
0 0.484765625 0.3145833333333333 0.04453125 0.08194444444444444
0 0.565625 0.6055555555555555 0.06875 0.13055555555555556
0 0.5625 0.18263888888888888 0.0359375 0.07361111111111111
0 0.66328125 0.25625 0.0484375 0.07916666666666666
0 0.798046875 0.19791666666666666 0.05546875 0.09027777777777778
0 0.9796875 0.22569444444444445 0.040625 0.09305555555555556
