0 0.513671875 0.35694444444444445 0.05234375 0.09722222222222222
0 0.5609375 0.19444444444444445 0.040625 0.07777777777777778
0 0.69140625 0.2548611111111111 0.05 0.09305555555555556
0 0.80234375 0.17222222222222222 0.05 0.08611111111111111
0 0.972265625 0.17083333333333334 0.05546875 0.08611111111111111
0 0.710546875 0.6729166666666667 0.08828125 0.14583333333333334
1 0.18671875 0.7347222222222223 0.08125 0.12777777777777777
1 0.45859375 0.23333333333333334 0.0421875 0.07777777777777778
1 0.725 0.29375 0.059375 0.09583333333333334
1 0.904296875 0.2722222222222222 0.06796875 0.09722222222222222
1 0.9640625 0.27708333333333335 0.06875 0.09583333333333334
