1 0.498828125 0.21388888888888888 0.04140625 0.075
1 0.354296875 0.7763888888888889 0.08359375 0.1388888888888889
1 0.77734375 0.19583333333333333 0.053125 0.09722222222222222
1 0.916796875 0.13402777777777777 0.05859375 0.0875
1 0.965625 0.12569444444444444 0.0609375 0.08472222222222223
0 0.592578125 0.15208333333333332 0.03828125 0.07083333333333333
0 0.594921875 0.30416666666666664 0.05078125 0.09722222222222222
0 0.865234375 0.49930555555555556 0.09140625 0.12638888888888888
0 0.73515625 0.17222222222222222 0.046875 0.08611111111111111
0 0.80859375 0.07777777777777778 0.0484375 0.08333333333333333
0 0.945703125 0.043055555555555555 0.04921875 0.075
