1 0.033203125 0.29375 0.04765625 0.06527777777777778
1 0.107421875 0.27361111111111114 0.03046875 0.05555555555555555
1 0.262890625 0.2590277777777778 0.02578125 0.043055555555555555
1 0.278125 0.2986111111111111 0.028125 0.04722222222222222
1 0.322265625 0.2701388888888889 0.02265625 0.0375
1 0.34765625 0.27569444444444446 0.021875 0.04027777777777778
0 0.137890625 0.2826388888888889 0.03359375 0.05416666666666667
0 0.00703125 0.25833333333333336 0.0125 0.041666666666666664
0 0.145703125 0.25763888888888886 0.03515625 0.043055555555555555
0 0.27578125 0.2722222222222222 0.025 0.016666666666666666
0 0.2765625 0.25 0.01875 0.025
0 0.306640625 0.2625 0.01796875 0.03611111111111111
0 0.335546875 0.28958333333333336 0.02734375 0.043055555555555555
0 0.50625 0.4513888888888889 0.03125 0.058333333333333334
