0 0.52265625 0.12986111111111112 0.0375 0.06805555555555555
0 0.628515625 0.1423611111111111 0.04140625 0.07361111111111111
0 0.665234375 0.03194444444444444 0.03046875 0.04722222222222222
0 0.4578125 0.23402777777777778 0.0484375 0.07916666666666666
0 0.376171875 0.42569444444444443 0.05703125 0.09027777777777778
0 0.14765625 0.9645833333333333 0.1125 0.07083333333333333
0 0.398046875 0.6944444444444444 0.07890625 0.1361111111111111
1 0.43828125 0.40069444444444446 0.0546875 0.09305555555555556
1 0.5109375 0.37430555555555556 0.0515625 0.10138888888888889
1 0.530859375 0.3125 0.04921875 0.08888888888888889
1 0.95546875 0.2222222222222222 0.071875 0.10555555555555556
0 0.848828125 0.9805555555555555 0.10078125 0.03888888888888889
