1 0.4125 0.28194444444444444 0.05 0.08611111111111111
1 0.43359375 0.175 0.04375 0.07222222222222222
1 0.45625 0.2361111111111111 0.0390625 0.08888888888888889
1 0.01015625 0.6541666666666667 0.01875 0.08055555555555556
0 0.09921875 0.4895833333333333 0.0640625 0.08194444444444444
0 0.240234375 0.4375 0.06015625 0.08611111111111111
0 0.2703125 0.8861111111111111 0.1015625 0.15555555555555556
0 0.33125 0.25763888888888886 0.046875 0.07916666666666666
0 0.458984375 0.14166666666666666 0.04140625 0.075
0 0.498046875 0.24027777777777778 0.04765625 0.08333333333333333
0 0.567578125 0.06805555555555555 0.03984375 0.07777777777777778
0 0.754296875 0.049305555555555554 0.04140625 0.06527777777777778
0 0.840625 0.052083333333333336 0.0515625 0.09027777777777778
0 0.883203125 0.04791666666666667 0.05703125 0.09305555555555556
0 0.8046875 0.041666666666666664 0.0453125 0.07222222222222222
