1 0.370703125 0.13472222222222222 0.03203125 0.05277777777777778
1 0.6015625 0.14027777777777778 0.0375 0.075
1 0.644140625 0.15069444444444444 0.04296875 0.0763888888888889
1 0.71953125 0.10416666666666667 0.04375 0.08611111111111111
0 0.36953125 0.34652777777777777 0.0453125 0.08194444444444444
0 0.574609375 0.33125 0.05546875 0.09027777777777778
0 0.484765625 0.15 0.03515625 0.06666666666666667
0 0.4359375 0.10694444444444444 0.034375 0.05277777777777778
0 0.58671875 0.07916666666666666 0.0359375 0.06388888888888888
0 0.7125 0.06666666666666667 0.0421875 0.075
0 0.866015625 0.0798611111111111 0.05078125 0.08472222222222223
