0 0.5328125 0.13680555555555557 0.0390625 0.06805555555555555
0 0.727734375 0.20208333333333334 0.05859375 0.09027777777777778
0 0.957421875 0.3013888888888889 0.08515625 0.125
0 0.356640625 0.46875 0.06015625 0.09583333333333334
0 0.48984375 0.7020833333333333 0.075 0.13472222222222222
0 0.567578125 0.2361111111111111 0.04453125 0.08611111111111111
1 0.460546875 0.1361111111111111 0.03046875 0.06666666666666667
1 0.716015625 0.32013888888888886 0.06796875 0.10972222222222222
1 0.78359375 0.4222222222222222 0.078125 0.125
1 0.9890625 0.41458333333333336 0.021875 0.12361111111111112
