0 0.455859375 0.3854166666666667 0.04453125 0.07083333333333333
0 0.491796875 0.40208333333333335 0.04609375 0.07916666666666666
0 0.658203125 0.35138888888888886 0.05859375 0.09444444444444444
0 0.84375 0.3215277777777778 0.065625 0.09861111111111111
0 0.76953125 0.22777777777777777 0.0515625 0.08888888888888889
0 0.916796875 0.14930555555555555 0.05703125 0.08194444444444444
1 0.6421875 0.2833333333333333 0.05 0.08333333333333333
0 0.91171875 0.2881944444444444 0.06875 0.09861111111111111
0 0.95078125 0.25555555555555554 0.059375 0.10277777777777777
0 0.957421875 0.13402777777777777 0.04921875 0.09305555555555556
