0 0.519921875 0.46319444444444446 0.03046875 0.05416666666666667
0 0.296875 0.26319444444444445 0.021875 0.03194444444444444
0 0.296484375 0.2847222222222222 0.02734375 0.022222222222222223
0 0.352734375 0.29930555555555555 0.02421875 0.043055555555555555
0 0.324609375 0.2722222222222222 0.01796875 0.03611111111111111
0 0.16328125 0.2916666666666667 0.0328125 0.05277777777777778
0 0.1703125 0.2701388888888889 0.03125 0.04861111111111111
0 0.033203125 0.26805555555555555 0.03671875 0.05555555555555555
1 0.064453125 0.29791666666666666 0.04453125 0.0625
1 0.133203125 0.2833333333333333 0.02890625 0.05277777777777778
1 0.2828125 0.27291666666666664 0.025 0.04027777777777778
1 0.296875 0.30972222222222223 0.028125 0.04722222222222222
1 0.341015625 0.2847222222222222 0.01953125 0.03888888888888889
1 0.365625 0.28680555555555554 0.0203125 0.04027777777777778
