0 0.3578125 0.25763888888888886 0.034375 0.0625
0 0.36953125 0.2673611111111111 0.0328125 0.059722222222222225
0 0.487109375 0.3 0.04765625 0.08888888888888889
0 0.6359375 0.2951388888888889 0.059375 0.10138888888888889
0 0.596484375 0.2048611111111111 0.04296875 0.08194444444444444
0 0.7578125 0.16527777777777777 0.05 0.08611111111111111
0 0.93984375 0.1486111111111111 0.0640625 0.1
1 0.554296875 0.21805555555555556 0.04140625 0.08055555555555556
1 0.650390625 0.24861111111111112 0.05234375 0.08333333333333333
1 0.722265625 0.25416666666666665 0.06015625 0.10277777777777777
1 0.808203125 0.15416666666666667 0.05390625 0.08611111111111111
1 0.603125 0.06458333333333334 0.01875 0.0375
