1 0.52265625 0.09930555555555555 0.04375 0.08472222222222223
1 0.590625 0.12222222222222222 0.05 0.08611111111111111
1 0.64453125 0.13680555555555557 0.05625 0.10694444444444444
1 0.767578125 0.04583333333333333 0.05234375 0.08611111111111111
0 0.325 0.10486111111111111 0.028125 0.05138888888888889
0 0.334765625 0.11944444444444445 0.04140625 0.06111111111111111
0 0.41796875 0.16805555555555557 0.0515625 0.08611111111111111
0 0.582421875 0.1840277777777778 0.05546875 0.10416666666666667
0 0.5546875 0.07291666666666667 0.0390625 0.0763888888888889
0 0.715625 0.052083333333333336 0.05 0.09027777777777778
0 0.904296875 0.05347222222222222 0.06484375 0.10416666666666667
