0 0.2671875 0.2263888888888889 0.04375 0.06944444444444445
0 0.33359375 0.2625 0.053125 0.08333333333333333
0 0.491796875 0.2743055555555556 0.05703125 0.10416666666666667
0 0.46796875 0.18125 0.0359375 0.07361111111111111
0 0.60546875 0.15625 0.0421875 0.0763888888888889
0 0.759375 0.14722222222222223 0.053125 0.08611111111111111
1 0.64921875 0.1527777777777778 0.0421875 0.08333333333333333
1 0.5421875 0.07361111111111111 0.0203125 0.041666666666666664
1 0.439453125 0.20625 0.03984375 0.07916666666666666
1 0.497265625 0.21666666666666667 0.04609375 0.08055555555555556
1 0.53203125 0.23055555555555557 0.0515625 0.09166666666666666
