1 0.524609375 0.24722222222222223 0.04296875 0.08055555555555556
1 0.58984375 0.24444444444444444 0.046875 0.08611111111111111
1 0.64453125 0.25069444444444444 0.0484375 0.09583333333333334
1 0.7359375 0.16180555555555556 0.0484375 0.07361111111111111
1 0.5796875 0.07916666666666666 0.021875 0.03333333333333333
0 0.33984375 0.26319444444444445 0.0421875 0.06527777777777778
0 0.441015625 0.2916666666666667 0.04453125 0.08055555555555556
0 0.626953125 0.3215277777777778 0.05859375 0.10416666666666667
0 0.546875 0.20833333333333334 0.0359375 0.07222222222222222
0 0.69140625 0.1701388888888889 0.0484375 0.08472222222222223
0 0.85625 0.15625 0.05625 0.09583333333333334
