0 0.433984375 0.1840277777777778 0.03046875 0.05694444444444444
0 0.450390625 0.1875 0.03515625 0.06944444444444445
0 0.611328125 0.1909722222222222 0.04921875 0.09305555555555556
0 0.69296875 0.10833333333333334 0.0453125 0.08055555555555556
0 0.869921875 0.05416666666666667 0.05703125 0.08333333333333333
0 0.89921875 0.23194444444444445 0.0984375 0.1388888888888889
1 0.6671875 0.16319444444444445 0.0484375 0.09305555555555556
1 0.768359375 0.14097222222222222 0.05859375 0.09583333333333334
1 0.850390625 0.13472222222222222 0.06484375 0.10833333333333334
1 0.921875 0.05138888888888889 0.0546875 0.08888888888888889
