0 0.430078125 0.2673611111111111 0.04453125 0.09305555555555556
0 0.54296875 0.1986111111111111 0.0453125 0.09166666666666666
0 0.630859375 0.11736111111111111 0.04296875 0.09027777777777778
0 0.758203125 0.059027777777777776 0.04296875 0.09305555555555556
0 0.635546875 0.5104166666666666 0.07421875 0.12638888888888888
0 0.989453125 0.06041666666666667 0.02109375 0.059722222222222225
1 0.473828125 0.2951388888888889 0.04765625 0.0875
1 0.581640625 0.2590277777777778 0.04921875 0.09305555555555556
1 0.644140625 0.22777777777777777 0.05234375 0.09722222222222222
1 0.666796875 0.09375 0.03984375 0.0875
0 0.978125 0.7840277777777778 0.04375 0.1763888888888889
