0 0.42421875 0.22013888888888888 0.04375 0.09027777777777778
0 0.451171875 0.3729166666666667 0.06015625 0.10694444444444444
0 0.576953125 0.2152777777777778 0.05390625 0.09722222222222222
0 0.69921875 0.17291666666666666 0.05625 0.09583333333333334
0 0.76015625 0.8930555555555556 0.1265625 0.21388888888888888
0 0.896484375 0.19791666666666666 0.06953125 0.1125
1 0.462890625 0.25416666666666665 0.05078125 0.09444444444444444
1 0.55703125 0.29583333333333334 0.0578125 0.1
1 0.628125 0.30625 0.0609375 0.11527777777777778
1 0.751953125 0.16944444444444445 0.06171875 0.10277777777777777
