1 0.440625 0.16527777777777777 0.046875 0.09722222222222222
1 0.510546875 0.2 0.06015625 0.10833333333333334
1 0.584765625 0.20208333333333334 0.06171875 0.12638888888888888
1 0.743359375 0.07777777777777778 0.06328125 0.11944444444444445
0 0.403515625 0.13402777777777777 0.03671875 0.07083333333333333
0 0.39921875 0.20347222222222222 0.05625 0.09861111111111111
0 0.54140625 0.1388888888888889 0.053125 0.10277777777777777
0 0.68125 0.08263888888888889 0.0609375 0.10972222222222222
0 0.905859375 0.10138888888888889 0.08359375 0.13333333333333333
0 0.771875 0.7180555555555556 0.15625 0.23055555555555557
