0 0.48828125 0.11875 0.0203125 0.0375
0 0.48203125 0.10833333333333334 0.0171875 0.03611111111111111
0 0.515234375 0.11180555555555556 0.01953125 0.04027777777777778
0 0.500390625 0.06666666666666667 0.01171875 0.019444444444444445
0 0.5046875 0.09027777777777778 0.015625 0.027777777777777776
0 0.525390625 0.07083333333333333 0.01328125 0.025
0 0.546875 0.09791666666666667 0.01875 0.0375
0 0.53359375 0.09305555555555556 0.015625 0.03611111111111111
1 0.56484375 0.12986111111111112 0.0203125 0.04027777777777778
1 0.4921875 0.07291666666666667 0.015625 0.02361111111111111
1 0.49296875 0.09513888888888888 0.015625 0.029166666666666667
1 0.528125 0.07777777777777778 0.0140625 0.025
1 0.546484375 0.07152777777777777 0.01484375 0.018055555555555554
1 0.733203125 0.08819444444444445 0.01796875 0.03194444444444444
1 0.755078125 0.10694444444444444 0.02109375 0.03611111111111111
