0 0.803515625 0.48819444444444443 0.10703125 0.15694444444444444
0 0.928515625 0.46805555555555556 0.11328125 0.1527777777777778
0 0.70859375 0.125 0.053125 0.09722222222222222
0 0.55625 0.13958333333333334 0.0421875 0.09305555555555556
0 0.44453125 0.19375 0.04375 0.08472222222222223
0 0.333203125 0.21944444444444444 0.04453125 0.07777777777777778
0 0.287109375 0.2708333333333333 0.04765625 0.08611111111111111
1 0.367578125 0.2222222222222222 0.04765625 0.08055555555555556
1 0.43828125 0.24166666666666667 0.0484375 0.09166666666666666
1 0.498046875 0.2361111111111111 0.04921875 0.09722222222222222
1 0.598828125 0.13194444444444445 0.04609375 0.08611111111111111
0 0.961328125 0.2590277777777778 0.07734375 0.11805555555555555
