0 0.27734375 0.2708333333333333 0.0484375 0.08333333333333333
0 0.366796875 0.19236111111111112 0.04140625 0.06805555555555555
0 0.46484375 0.15902777777777777 0.0390625 0.0763888888888889
0 0.562890625 0.10972222222222222 0.03828125 0.08055555555555556
0 0.690625 0.08819444444444445 0.0421875 0.07916666666666666
0 0.9125 0.30277777777777776 0.0765625 0.10555555555555556
0 0.890234375 0.3875 0.08984375 0.13055555555555556
0 0.970703125 0.18333333333333332 0.05859375 0.1111111111111111
0 0.899609375 0.16319444444444445 0.06640625 0.09305555555555556
1 0.47265625 0.20277777777777778 0.0453125 0.08333333333333333
1 0.52890625 0.19236111111111112 0.0453125 0.09027777777777778
1 0.59921875 0.09861111111111111 0.0390625 0.08055555555555556
