1 0.440234375 0.19375 0.04296875 0.08472222222222223
1 0.52109375 0.18958333333333333 0.0453125 0.0875
1 0.57265625 0.17569444444444443 0.0390625 0.08472222222222223
1 0.619140625 0.09236111111111112 0.03515625 0.0763888888888889
0 0.6984375 0.08125 0.0359375 0.07083333333333333
0 0.2828125 0.29444444444444445 0.0515625 0.08888888888888889
0 0.408203125 0.1798611111111111 0.03984375 0.07916666666666666
0 0.502734375 0.15 0.04140625 0.07222222222222222
0 0.584375 0.10277777777777777 0.0375 0.07777777777777778
0 0.909375 0.24583333333333332 0.0703125 0.10555555555555556
0 0.96640625 0.3659722222222222 0.0671875 0.11805555555555555
0 0.8921875 0.1423611111111111 0.0515625 0.0875
