1 0.451171875 0.26319444444444445 0.04921875 0.0875
1 0.655078125 0.18333333333333332 0.04765625 0.08611111111111111
1 0.70625 0.23541666666666666 0.0515625 0.10138888888888889
1 0.76484375 0.2798611111111111 0.0625 0.10138888888888889
1 0.9640625 0.2625 0.0703125 0.10833333333333334
0 0.37890625 0.3951388888888889 0.0625 0.10416666666666667
0 0.3828125 0.2125 0.0421875 0.07222222222222222
0 0.665625 0.12222222222222222 0.0421875 0.06666666666666667
0 0.754296875 0.18541666666666667 0.05078125 0.09027777777777778
0 0.899609375 0.22708333333333333 0.06796875 0.10416666666666667
0 0.9765625 0.47430555555555554 0.046875 0.13194444444444445
