0 0.952734375 0.41944444444444445 0.09453125 0.13333333333333333
0 0.254296875 0.4326388888888889 0.06796875 0.10972222222222222
0 0.28671875 0.2423611111111111 0.0484375 0.08194444444444444
0 0.62734375 0.13194444444444445 0.046875 0.07777777777777778
0 0.721875 0.1840277777777778 0.053125 0.09861111111111111
0 0.8765625 0.21180555555555555 0.071875 0.11805555555555555
1 0.33828125 0.18958333333333333 0.04375 0.07916666666666666
1 0.62109375 0.18194444444444444 0.05 0.10277777777777777
1 0.682421875 0.24027777777777778 0.05859375 0.10833333333333334
1 0.755078125 0.2861111111111111 0.06953125 0.11666666666666667
1 0.94375 0.24513888888888888 0.08125 0.11805555555555555
