1 0.712109375 0.18333333333333332 0.06015625 0.10277777777777777
1 0.244140625 0.19930555555555557 0.05234375 0.08194444444444444
1 0.807421875 0.23819444444444443 0.07421875 0.10416666666666667
1 0.890234375 0.27291666666666664 0.08046875 0.10694444444444444
1 0.987890625 0.1909722222222222 0.02421875 0.09861111111111111
0 0.280859375 0.3659722222222222 0.06484375 0.10972222222222222
0 0.2 0.6291666666666667 0.09375 0.1388888888888889
0 0.69765625 0.14097222222222222 0.05 0.0875
0 0.819140625 0.16111111111111112 0.06328125 0.09166666666666666
0 0.951171875 0.1701388888888889 0.06953125 0.10138888888888889
0 0.978515625 0.2881944444444444 0.04296875 0.11527777777777778
