0 0.223828125 0.9319444444444445 0.12265625 0.1361111111111111
0 0.310546875 0.5444444444444444 0.07265625 0.11944444444444445
0 0.6390625 0.13055555555555556 0.05 0.08611111111111111
0 0.744140625 0.11180555555555556 0.05078125 0.09027777777777778
0 0.834765625 0.07430555555555556 0.05078125 0.08472222222222223
0 0.883203125 0.1451388888888889 0.06171875 0.09861111111111111
0 0.98125 0.09444444444444444 0.0375 0.09444444444444444
1 0.23828125 0.38958333333333334 0.0671875 0.10138888888888889
1 0.67265625 0.15625 0.05 0.0875
1 0.762890625 0.17430555555555555 0.05859375 0.09583333333333334
1 0.82890625 0.1736111111111111 0.059375 0.1
1 0.88203125 0.06666666666666667 0.046875 0.07777777777777778
