1 0.351953125 0.4861111111111111 0.06640625 0.10833333333333334
1 0.63046875 0.13333333333333333 0.0453125 0.08055555555555556
1 0.70546875 0.12083333333333333 0.0484375 0.08333333333333333
1 0.75390625 0.10069444444444445 0.0453125 0.09305555555555556
1 0.765234375 0.03125 0.03671875 0.059722222222222225
0 0.444140625 0.5631944444444444 0.06640625 0.12638888888888888
0 0.5953125 0.12638888888888888 0.0453125 0.08611111111111111
0 0.673828125 0.08402777777777778 0.04140625 0.07361111111111111
0 0.730078125 0.03333333333333333 0.04453125 0.06388888888888888
0 0.773828125 0.06527777777777778 0.03984375 0.08055555555555556
0 0.848046875 0.022916666666666665 0.03984375 0.043055555555555555
