0 0.623828125 0.05347222222222222 0.03828125 0.07361111111111111
0 0.410546875 0.31527777777777777 0.04765625 0.09444444444444444
0 0.49453125 0.22152777777777777 0.04375 0.09583333333333334
0 0.537890625 0.1326388888888889 0.04453125 0.0875
0 0.591796875 0.11319444444444444 0.04140625 0.0763888888888889
0 0.65859375 0.2923611111111111 0.0609375 0.11805555555555555
0 0.844140625 0.28888888888888886 0.08359375 0.125
1 0.4625 0.3173611111111111 0.053125 0.09861111111111111
1 0.53984375 0.25416666666666665 0.0515625 0.1
1 0.566796875 0.2847222222222222 0.05234375 0.1
1 0.583984375 0.2 0.04609375 0.08611111111111111
1 0.558203125 0.1076388888888889 0.03828125 0.07916666666666666
