1 0.449609375 0.18125 0.01484375 0.034722222222222224
1 0.4953125 0.22569444444444445 0.0203125 0.0375
1 0.466796875 0.16458333333333333 0.01640625 0.02361111111111111
1 0.495703125 0.1736111111111111 0.01328125 0.016666666666666666
1 0.51171875 0.18680555555555556 0.0140625 0.03194444444444444
1 0.684765625 0.2604166666666667 0.01796875 0.03194444444444444
1 0.696875 0.2847222222222222 0.01875 0.03333333333333333
0 0.43203125 0.19166666666666668 0.01875 0.03611111111111111
0 0.4609375 0.19583333333333333 0.01875 0.03611111111111111
0 0.433984375 0.17847222222222223 0.01796875 0.029166666666666667
0 0.4640625 0.175 0.0140625 0.022222222222222223
0 0.47578125 0.1638888888888889 0.0109375 0.027777777777777776
0 0.491796875 0.19027777777777777 0.01796875 0.03333333333333333
0 0.499609375 0.19722222222222222 0.01796875 0.030555555555555555
