0 0.390234375 0.20208333333333334 0.04609375 0.08194444444444444
0 0.494140625 0.16527777777777777 0.04453125 0.09722222222222222
0 0.587109375 0.1076388888888889 0.04609375 0.0875
0 0.6484375 0.11736111111111111 0.05 0.07916666666666666
0 0.69765625 0.1763888888888889 0.0546875 0.10277777777777777
0 0.734765625 0.07916666666666666 0.04296875 0.08055555555555556
0 0.984375 0.4076388888888889 0.03125 0.14305555555555555
0 0.960546875 0.1909722222222222 0.06484375 0.12361111111111112
1 0.41484375 0.23194444444444445 0.0546875 0.09444444444444444
1 0.509375 0.20277777777777778 0.046875 0.09444444444444444
1 0.566015625 0.20625 0.05078125 0.09861111111111111
1 0.598828125 0.3388888888888889 0.06484375 0.11944444444444445
1 0.623046875 0.10069444444444445 0.04921875 0.0875
