1 0.441015625 0.14375 0.04765625 0.08472222222222223
1 0.50859375 0.16805555555555557 0.046875 0.08888888888888889
1 0.56796875 0.16111111111111112 0.0484375 0.09722222222222222
1 0.6359375 0.30416666666666664 0.06875 0.12222222222222222
1 0.6671875 0.07152777777777777 0.0421875 0.09027777777777778
0 0.433203125 0.11736111111111111 0.03984375 0.06805555555555555
0 0.519921875 0.10694444444444444 0.04609375 0.08333333333333333
0 0.625390625 0.07569444444444444 0.04609375 0.0875
0 0.6796875 0.09583333333333334 0.053125 0.09166666666666666
0 0.786328125 0.07708333333333334 0.05546875 0.08472222222222223
0 0.7953125 0.13819444444444445 0.059375 0.09583333333333334
0 0.94453125 0.5277777777777778 0.1078125 0.15
