1 0.357421875 0.1673611111111111 0.05546875 0.09027777777777778
1 0.3875 0.2 0.05625 0.10555555555555556
1 0.48203125 0.1986111111111111 0.059375 0.11388888888888889
1 0.626171875 0.06180555555555556 0.05390625 0.0875
1 0.87890625 0.37222222222222223 0.1078125 0.1638888888888889
0 0.356640625 0.12361111111111112 0.04921875 0.08333333333333333
0 0.45 0.11944444444444445 0.0546875 0.09444444444444444
0 0.536328125 0.14930555555555555 0.05234375 0.1125
0 0.57421875 0.09375 0.0484375 0.10416666666666667
0 0.626171875 0.11527777777777778 0.06015625 0.11388888888888889
0 0.772265625 0.09305555555555556 0.06640625 0.12222222222222222
0 0.84375 0.20833333333333334 0.0875 0.14444444444444443
