0 0.337890625 0.16041666666666668 0.05546875 0.09027777777777778
0 0.44609375 0.15416666666666667 0.053125 0.10555555555555556
0 0.568359375 0.11180555555555556 0.05390625 0.10972222222222222
0 0.5671875 0.23402777777777778 0.0609375 0.11805555555555555
0 0.640625 0.15 0.0546875 0.10833333333333334
0 0.765625 0.12222222222222222 0.059375 0.10833333333333334
0 0.815234375 0.17777777777777778 0.06796875 0.11944444444444445
1 0.346484375 0.2111111111111111 0.05859375 0.10277777777777777
1 0.390625 0.25625 0.0609375 0.11527777777777778
1 0.504296875 0.24444444444444444 0.06015625 0.11666666666666667
1 0.623828125 0.09861111111111111 0.05234375 0.09444444444444444
1 0.858203125 0.35694444444444445 0.08984375 0.13333333333333333
