1 0.406640625 0.2833333333333333 0.05546875 0.1
1 0.45234375 0.3055555555555556 0.0578125 0.1
1 0.571875 0.2861111111111111 0.0546875 0.10555555555555556
1 0.649609375 0.16041666666666668 0.04765625 0.0875
1 0.887109375 0.3145833333333333 0.07265625 0.1125
0 0.387109375 0.24097222222222223 0.05234375 0.09305555555555556
0 0.495703125 0.225 0.04765625 0.09166666666666666
0 0.6046875 0.1736111111111111 0.0453125 0.09444444444444444
0 0.646484375 0.28194444444444444 0.05859375 0.10833333333333334
0 0.67421875 0.19722222222222222 0.053125 0.08888888888888889
0 0.769921875 0.16319444444444445 0.05390625 0.0875
0 0.803515625 0.21458333333333332 0.06328125 0.09861111111111111
