0 0.383203125 0.2902777777777778 0.05234375 0.10555555555555556
0 0.49609375 0.21180555555555555 0.05625 0.08472222222222223
0 0.57890625 0.12777777777777777 0.046875 0.09722222222222222
0 0.647265625 0.11944444444444445 0.05234375 0.08888888888888889
0 0.655078125 0.17430555555555555 0.05234375 0.09861111111111111
0 0.715234375 0.059722222222222225 0.04609375 0.08611111111111111
0 0.76015625 0.1076388888888889 0.0546875 0.09861111111111111
0 0.9453125 0.10069444444444445 0.05625 0.09305555555555556
1 0.427734375 0.3145833333333333 0.06328125 0.1125
1 0.498828125 0.29930555555555555 0.06171875 0.1125
1 0.598828125 0.2388888888888889 0.05703125 0.10555555555555556
1 0.615234375 0.10069444444444445 0.05078125 0.09583333333333334
1 0.860546875 0.12569444444444444 0.06484375 0.10416666666666667
