1 0.369921875 0.23472222222222222 0.05234375 0.08611111111111111
1 0.655859375 0.28402777777777777 0.06484375 0.1125
1 0.73359375 0.26319444444444445 0.06875 0.11527777777777778
1 0.59921875 0.5465277777777777 0.0828125 0.1375
1 0.9578125 0.9361111111111111 0.084375 0.12777777777777777
0 0.5234375 0.8347222222222223 0.0953125 0.18333333333333332
0 0.594140625 0.9458333333333333 0.10234375 0.10833333333333334
0 0.735546875 0.6347222222222222 0.10078125 0.1638888888888889
0 0.756640625 0.49375 0.08984375 0.13194444444444445
0 0.825390625 0.39861111111111114 0.09140625 0.13333333333333333
0 0.791796875 0.22708333333333333 0.06953125 0.10694444444444444
0 0.9390625 0.7805555555555556 0.121875 0.19722222222222222
