0 0.29140625 0.9791666666666666 0.09375 0.041666666666666664
0 0.64453125 0.6993055555555555 0.0984375 0.16527777777777777
0 0.750390625 0.50625 0.09296875 0.14305555555555555
0 0.86953125 0.30069444444444443 0.0828125 0.12916666666666668
0 0.88828125 0.4861111111111111 0.1078125 0.15
0 0.96484375 0.5972222222222222 0.0703125 0.175
1 0.355859375 0.08819444444444445 0.03984375 0.07916666666666666
1 0.640234375 0.32708333333333334 0.06796875 0.12361111111111112
1 0.4875 0.7201388888888889 0.090625 0.1597222222222222
1 0.773046875 0.3298611111111111 0.08046875 0.12361111111111112
1 0.91640625 0.7708333333333334 0.1375 0.2
