0 0.182421875 0.3125 0.03671875 0.058333333333333334
0 0.20703125 0.25 0.028125 0.041666666666666664
0 0.194921875 0.2951388888888889 0.03359375 0.05138888888888889
0 0.2359375 0.30833333333333335 0.034375 0.05277777777777778
0 0.25625 0.28055555555555556 0.0296875 0.04722222222222222
0 0.287109375 0.24930555555555556 0.01953125 0.0375
0 0.2984375 0.2833333333333333 0.025 0.044444444444444446
0 0.309765625 0.29791666666666666 0.03046875 0.04861111111111111
0 0.3203125 0.25416666666666665 0.015625 0.016666666666666666
1 0.1765625 0.2513888888888889 0.0296875 0.044444444444444446
1 0.22890625 0.2791666666666667 0.0296875 0.03611111111111111
1 0.27109375 0.2590277777777778 0.025 0.043055555555555555
1 0.277734375 0.35208333333333336 0.03515625 0.05694444444444444
1 0.3125 0.26666666666666666 0.0234375 0.03611111111111111
1 0.338671875 0.2743055555555556 0.02265625 0.043055555555555555
1 0.578125 0.3298611111111111 0.01875 0.04027777777777778
1 0.59140625 0.36944444444444446 0.025 0.044444444444444446
1 0.638671875 0.5708333333333333 0.04609375 0.07777777777777778
