1 0.352734375 0.22361111111111112 0.03984375 0.06944444444444445
1 0.7859375 0.9673611111111111 0.115625 0.06527777777777778
1 0.83359375 0.09444444444444444 0.05625 0.08888888888888889
1 0.8890625 0.12152777777777778 0.071875 0.10972222222222222
0 0.312890625 0.24097222222222223 0.03828125 0.06527777777777778
0 0.37734375 0.13541666666666666 0.034375 0.059722222222222225
0 0.573828125 0.10069444444444445 0.03984375 0.0875
0 0.829296875 0.1597222222222222 0.05703125 0.09722222222222222
0 0.5609375 0.4791666666666667 0.065625 0.10555555555555556
0 0.653515625 0.6541666666666667 0.08359375 0.14444444444444443
