1 0.551171875 0.43194444444444446 0.03046875 0.05277777777777778
1 0.437890625 0.2881944444444444 0.01953125 0.0375
1 0.462890625 0.31666666666666665 0.02109375 0.03888888888888889
1 0.047265625 0.3451388888888889 0.03828125 0.05416666666666667
1 0.08203125 0.29583333333333334 0.0359375 0.03611111111111111
1 0.14296875 0.29444444444444445 0.028125 0.027777777777777776
1 0.1765625 0.29791666666666666 0.0328125 0.04583333333333333
1 0.16640625 0.3861111111111111 0.040625 0.06111111111111111
0 0.01875 0.3902777777777778 0.0359375 0.06388888888888888
0 0.01953125 0.3576388888888889 0.0375 0.0375
0 0.081640625 0.36527777777777776 0.04453125 0.06111111111111111
0 0.08203125 0.3229166666666667 0.0359375 0.0375
0 0.0953125 0.28888888888888886 0.028125 0.041666666666666664
0 0.13984375 0.32013888888888886 0.0296875 0.05138888888888889
0 0.16171875 0.3277777777777778 0.0359375 0.05277777777777778
0 0.146875 0.28194444444444444 0.0234375 0.022222222222222223
