0 0.24921875 0.3416666666666667 0.0515625 0.08055555555555556
0 0.40625 0.2965277777777778 0.046875 0.0875
0 0.496484375 0.23194444444444445 0.04140625 0.08055555555555556
0 0.432421875 0.45 0.05390625 0.1
0 0.88671875 0.6451388888888889 0.103125 0.15416666666666667
0 0.8390625 0.15555555555555556 0.0546875 0.09166666666666666
0 0.9828125 0.10069444444444445 0.034375 0.08194444444444444
1 0.0609375 0.5541666666666667 0.065625 0.07777777777777778
1 0.458984375 0.21597222222222223 0.04453125 0.08194444444444444
1 0.489453125 0.1840277777777778 0.04140625 0.07361111111111111
1 0.986328125 0.5048611111111111 0.02734375 0.11527777777777778
