1 0.9 0.5944444444444444 0.1015625 0.15
1 0.473046875 0.09375 0.04140625 0.0763888888888889
1 0.434375 0.11805555555555555 0.0359375 0.08055555555555556
1 0.05546875 0.38263888888888886 0.0609375 0.08194444444444444
1 0.025390625 0.8361111111111111 0.04609375 0.1361111111111111
0 0.260546875 0.18541666666666667 0.04765625 0.0763888888888889
0 0.375390625 0.36666666666666664 0.06015625 0.10277777777777777
0 0.40234375 0.20347222222222222 0.053125 0.0875
0 0.46796875 0.14791666666666667 0.0453125 0.07361111111111111
0 0.7171875 0.6791666666666667 0.096875 0.1527777777777778
0 0.825 0.18472222222222223 0.0640625 0.1111111111111111
