0 0.35859375 0.3298611111111111 0.05625 0.09583333333333334
0 0.585546875 0.65 0.07734375 0.1361111111111111
0 0.79453125 0.24722222222222223 0.06875 0.11388888888888889
0 0.41328125 0.17916666666666667 0.0484375 0.09166666666666666
0 0.46484375 0.1111111111111111 0.04375 0.08888888888888889
0 0.303125 0.10902777777777778 0.0421875 0.0763888888888889
1 0.09921875 0.2833333333333333 0.053125 0.075
1 0.042578125 0.5840277777777778 0.07421875 0.0875
1 0.782421875 0.6395833333333333 0.09453125 0.15416666666666667
1 0.444140625 0.08125 0.04140625 0.0763888888888889
1 0.479296875 0.06180555555555556 0.04140625 0.08194444444444444
