1 0.587890625 0.0625 0.04296875 0.09166666666666666
1 0.63359375 0.05694444444444444 0.0484375 0.08888888888888889
1 0.223828125 0.19236111111111112 0.04921875 0.07361111111111111
1 0.161328125 0.44375 0.06640625 0.09583333333333334
1 0.88828125 0.9756944444444444 0.1046875 0.04861111111111111
0 0.467578125 0.059027777777777776 0.04296875 0.08472222222222223
0 0.603125 0.10694444444444444 0.0453125 0.09722222222222222
0 0.487890625 0.44513888888888886 0.06328125 0.12638888888888888
0 0.487890625 0.7368055555555556 0.08203125 0.1486111111111111
0 0.563671875 0.8958333333333334 0.09765625 0.18888888888888888
0 0.9828125 0.29375 0.034375 0.13194444444444445
