0 0.147265625 0.21875 0.02265625 0.043055555555555555
0 0.205078125 0.27291666666666664 0.03203125 0.05138888888888889
0 0.205078125 0.24930555555555556 0.03203125 0.029166666666666667
0 0.251171875 0.2604166666666667 0.03046875 0.05138888888888889
0 0.248828125 0.22916666666666666 0.02734375 0.027777777777777776
0 0.255859375 0.20208333333333334 0.01953125 0.02638888888888889
0 0.294140625 0.20347222222222222 0.01953125 0.015277777777777777
0 0.289453125 0.23472222222222222 0.02109375 0.041666666666666664
0 0.306640625 0.24027777777777778 0.02578125 0.041666666666666664
1 0.1703125 0.22361111111111112 0.028125 0.044444444444444446
1 0.22578125 0.24513888888888888 0.0265625 0.04583333333333333
1 0.246484375 0.2076388888888889 0.02578125 0.02361111111111111
1 0.290234375 0.20902777777777778 0.02265625 0.015277777777777777
1 0.31484375 0.22013888888888888 0.021875 0.04027777777777778
1 0.312109375 0.2861111111111111 0.02890625 0.05
1 0.52734375 0.23541666666666666 0.015625 0.03194444444444444
1 0.5484375 0.2611111111111111 0.01875 0.03611111111111111
1 0.62109375 0.3680555555555556 0.0296875 0.05277777777777778
