1 0.055859375 0.6111111111111112 0.07578125 0.08055555555555556
1 0.109765625 0.9666666666666667 0.10703125 0.06666666666666667
1 0.490234375 0.21736111111111112 0.04296875 0.07916666666666666
1 0.5265625 0.1951388888888889 0.0453125 0.0763888888888889
0 0.36640625 0.2861111111111111 0.0421875 0.07222222222222222
0 0.528125 0.2388888888888889 0.04375 0.06388888888888888
0 0.666015625 0.68125 0.09140625 0.1486111111111111
0 0.81015625 0.7951388888888888 0.121875 0.17916666666666667
0 0.9453125 0.7451388888888889 0.109375 0.17916666666666667
0 0.848828125 0.075 0.05703125 0.08611111111111111
