0 0.756640625 0.15833333333333333 0.04921875 0.09444444444444444
0 0.8703125 0.2076388888888889 0.0625 0.09861111111111111
0 0.96640625 0.20416666666666666 0.0671875 0.10555555555555556
0 0.988671875 0.034722222222222224 0.02265625 0.06666666666666667
0 0.547265625 0.05763888888888889 0.03359375 0.0763888888888889
0 0.65703125 0.04375 0.034375 0.06527777777777778
1 0.297265625 0.27569444444444446 0.04765625 0.07916666666666666
1 0.470703125 0.4479166666666667 0.06328125 0.10694444444444444
1 0.622265625 0.03958333333333333 0.03046875 0.07083333333333333
1 0.64453125 0.02638888888888889 0.03125 0.05
