1 0.27890625 0.2861111111111111 0.04375 0.07777777777777778
1 0.4265625 0.41180555555555554 0.0546875 0.10138888888888889
1 0.5796875 0.08055555555555556 0.0296875 0.058333333333333334
1 0.60234375 0.06319444444444444 0.025 0.04861111111111111
1 0.944921875 0.18472222222222223 0.05546875 0.08333333333333333
0 0.500390625 0.10555555555555556 0.02890625 0.058333333333333334
0 0.69375 0.17777777777777778 0.0421875 0.07777777777777778
0 0.75859375 0.22569444444444445 0.05 0.0875
0 0.861328125 0.2298611111111111 0.05546875 0.0875
0 0.92890625 0.08194444444444444 0.040625 0.06944444444444445
0 0.837890625 0.02361111111111111 0.03203125 0.044444444444444446
