0 0.49140625 0.13958333333333334 0.028125 0.05694444444444444
0 0.6 0.1125 0.028125 0.05277777777777778
0 0.684765625 0.1986111111111111 0.04453125 0.07222222222222222
0 0.691015625 0.26319444444444445 0.04765625 0.08472222222222223
0 0.799609375 0.25972222222222224 0.05390625 0.08611111111111111
0 0.85 0.03680555555555556 0.03125 0.05694444444444444
0 0.943359375 0.10694444444444444 0.04453125 0.07777777777777778
0 0.965625 0.06527777777777778 0.0421875 0.07777777777777778
1 0.2984375 0.28958333333333336 0.0375 0.06805555555555555
1 0.38515625 0.3840277777777778 0.0453125 0.0875
1 0.8984375 0.21180555555555555 0.0578125 0.0875
1 0.576171875 0.10694444444444444 0.02890625 0.05
1 0.597265625 0.09513888888888888 0.02734375 0.05416666666666667
