1 0.2921875 0.3236111111111111 0.0328125 0.05277777777777778
1 0.348828125 0.40694444444444444 0.04453125 0.06666666666666667
1 0.55078125 0.14444444444444443 0.028125 0.044444444444444446
1 0.571875 0.1284722222222222 0.0296875 0.04583333333333333
1 0.8390625 0.23333333333333334 0.046875 0.07777777777777778
0 0.47265625 0.17847222222222223 0.0265625 0.05138888888888889
0 0.634765625 0.30069444444444443 0.04609375 0.08194444444444444
0 0.734765625 0.28402777777777777 0.04765625 0.0875
0 0.6484375 0.2326388888888889 0.040625 0.07083333333333333
0 0.825390625 0.058333333333333334 0.03359375 0.058333333333333334
0 0.911328125 0.125 0.04921875 0.075
