0 0.694921875 0.26875 0.04453125 0.07361111111111111
0 0.608984375 0.2875 0.03828125 0.06666666666666667
0 0.630859375 0.22013888888888888 0.03671875 0.06805555555555555
0 0.50234375 0.14652777777777778 0.021875 0.05694444444444444
0 0.591015625 0.12638888888888888 0.03046875 0.05
0 0.851953125 0.06111111111111111 0.03515625 0.05555555555555555
0 0.90546875 0.1326388888888889 0.0421875 0.07361111111111111
1 0.806640625 0.23680555555555555 0.04765625 0.07916666666666666
1 0.57109375 0.12083333333333333 0.025 0.044444444444444446
1 0.594140625 0.11527777777777778 0.02734375 0.05
1 0.328515625 0.2569444444444444 0.03046875 0.05
1 0.35625 0.33611111111111114 0.0390625 0.06388888888888888
