1 0.399609375 0.27569444444444446 0.03046875 0.05416666666666667
1 0.380859375 0.2 0.02734375 0.05277777777777778
1 0.614453125 0.0625 0.02734375 0.05277777777777778
1 0.63828125 0.052083333333333336 0.0296875 0.04861111111111111
1 0.834765625 0.18263888888888888 0.05390625 0.08194444444444444
0 0.647265625 0.16458333333333333 0.03671875 0.06527777777777778
0 0.6328125 0.2263888888888889 0.0390625 0.08333333333333333
0 0.71328125 0.21388888888888888 0.05 0.08333333333333333
0 0.95390625 0.06180555555555556 0.053125 0.08472222222222223
0 0.551953125 0.08958333333333333 0.02890625 0.05138888888888889
