0 0.371484375 0.3854166666666667 0.02578125 0.04583333333333333
0 0.39453125 0.3638888888888889 0.0234375 0.044444444444444446
0 0.4109375 0.34375 0.021875 0.04027777777777778
0 0.4625 0.3 0.01875 0.03333333333333333
0 0.510546875 0.3138888888888889 0.01953125 0.03611111111111111
0 0.53046875 0.31180555555555556 0.01875 0.0375
0 0.545703125 0.3284722222222222 0.02109375 0.043055555555555555
0 0.778125 0.33125 0.0265625 0.043055555555555555
0 0.790625 0.3729166666666667 0.034375 0.05138888888888889
0 0.88515625 0.33611111111111114 0.0328125 0.04722222222222222
0 0.912109375 0.47430555555555554 0.05078125 0.07361111111111111
1 0.4640625 0.34305555555555556 0.0203125 0.03888888888888889
1 0.59609375 0.4423611111111111 0.0328125 0.059722222222222225
1 0.603515625 0.4166666666666667 0.03046875 0.044444444444444446
1 0.6171875 0.39861111111111114 0.0296875 0.04722222222222222
1 0.680078125 0.5423611111111111 0.04765625 0.07916666666666666
1 0.964453125 0.39861111111111114 0.04453125 0.06111111111111111
1 0.90234375 0.3590277777777778 0.034375 0.05138888888888889
0 0.0921875 0.41805555555555557 0.03125 0.041666666666666664
