1 0.16015625 0.12569444444444444 0.021875 0.034722222222222224
1 0.2828125 0.16805555555555557 0.025 0.041666666666666664
1 0.290234375 0.15763888888888888 0.01953125 0.0375
1 0.3640625 0.14027777777777778 0.0203125 0.03888888888888889
1 0.498046875 0.12638888888888888 0.01796875 0.03611111111111111
1 0.50546875 0.19722222222222222 0.021875 0.041666666666666664
1 0.665234375 0.13125 0.01328125 0.02361111111111111
1 0.68828125 0.16597222222222222 0.01875 0.034722222222222224
1 0.774609375 0.2708333333333333 0.03046875 0.04722222222222222
0 0.34765625 0.1361111111111111 0.0171875 0.03888888888888889
0 0.391796875 0.25833333333333336 0.03046875 0.05555555555555555
0 0.424609375 0.125 0.01796875 0.03611111111111111
0 0.44765625 0.13055555555555556 0.015625 0.030555555555555555
0 0.482421875 0.19305555555555556 0.02265625 0.044444444444444446
0 0.63125 0.25 0.0265625 0.05
0 0.65859375 0.14375 0.0171875 0.03194444444444444
