0 0.59140625 0.10277777777777777 0.0296875 0.04722222222222222
0 0.655859375 0.10208333333333333 0.02265625 0.04583333333333333
0 0.6359375 0.18125 0.0328125 0.059722222222222225
0 0.6359375 0.23402777777777778 0.034375 0.06527777777777778
0 0.695703125 0.2388888888888889 0.03984375 0.06944444444444445
0 0.9234375 0.15902777777777777 0.0453125 0.07361111111111111
0 0.92890625 0.09236111111111112 0.0359375 0.0625
1 0.806640625 0.2388888888888889 0.04453125 0.08055555555555556
1 0.4265625 0.24097222222222223 0.028125 0.05694444444444444
1 0.423828125 0.16527777777777777 0.02421875 0.041666666666666664
1 0.643359375 0.09375 0.01953125 0.04583333333333333
1 0.66875 0.08680555555555555 0.025 0.04583333333333333
