1 0.6859375 0.10277777777777777 0.025 0.044444444444444446
1 0.70703125 0.10208333333333333 0.0265625 0.043055555555555555
1 0.486328125 0.15486111111111112 0.01640625 0.034722222222222224
1 0.762109375 0.2625 0.04609375 0.075
1 0.470703125 0.21736111111111112 0.02421875 0.04861111111111111
0 0.634765625 0.23541666666666666 0.03203125 0.05694444444444444
0 0.66640625 0.25555555555555554 0.0375 0.06666666666666667
0 0.6484375 0.19444444444444445 0.0296875 0.04722222222222222
0 0.639453125 0.10902777777777778 0.02265625 0.04027777777777778
0 0.69140625 0.11527777777777778 0.0234375 0.044444444444444446
0 0.92734375 0.1986111111111111 0.046875 0.07222222222222222
0 0.9703125 0.1326388888888889 0.040625 0.06805555555555555
