0 0.61640625 0.20972222222222223 0.034375 0.05555555555555555
0 0.6546875 0.23055555555555557 0.0359375 0.06111111111111111
0 0.897265625 0.15416666666666667 0.04765625 0.07222222222222222
0 0.93046875 0.08541666666666667 0.0390625 0.06527777777777778
0 0.601171875 0.0875 0.02421875 0.044444444444444446
0 0.658984375 0.09097222222222222 0.02421875 0.04027777777777778
1 0.438671875 0.21388888888888888 0.02890625 0.05
1 0.446875 0.15 0.021875 0.041666666666666664
1 0.648828125 0.07569444444444444 0.02109375 0.04027777777777778
1 0.67421875 0.07430555555555556 0.0265625 0.04027777777777778
1 0.753125 0.22777777777777777 0.0390625 0.06944444444444445
