1 0.41015625 0.24305555555555555 0.0359375 0.06388888888888888
1 0.84375 0.23541666666666666 0.0578125 0.08472222222222223
1 0.898046875 0.1486111111111111 0.04453125 0.07222222222222222
1 0.0171875 0.6909722222222222 0.0328125 0.07083333333333333
1 0.19375 0.2791666666666667 0.0296875 0.04722222222222222
1 0.214453125 0.25277777777777777 0.03046875 0.03888888888888889
0 0.126953125 0.34652777777777777 0.03671875 0.04861111111111111
0 0.275390625 0.3347222222222222 0.03828125 0.06388888888888888
0 0.293359375 0.35694444444444445 0.04609375 0.06388888888888888
0 0.34140625 0.3138888888888889 0.0390625 0.06111111111111111
