1 0.0671875 0.5701388888888889 0.05625 0.07361111111111111
1 0.23125 0.21458333333333332 0.028125 0.04861111111111111
1 0.25 0.19722222222222222 0.028125 0.04722222222222222
1 0.452734375 0.17847222222222223 0.03359375 0.059722222222222225
1 0.872265625 0.17569444444444443 0.05078125 0.08472222222222223
1 0.9171875 0.10833333333333334 0.0390625 0.08055555555555556
0 0.338671875 0.2777777777777778 0.03515625 0.06666666666666667
0 0.389453125 0.24722222222222223 0.03359375 0.06111111111111111
0 0.311328125 0.25972222222222224 0.03671875 0.05555555555555555
0 0.1640625 0.27708333333333335 0.03125 0.05138888888888889
0 0.435546875 0.059027777777777776 0.02421875 0.04583333333333333
0 0.478125 0.08125 0.0234375 0.04861111111111111
0 0.536328125 0.041666666666666664 0.02421875 0.044444444444444446
0 0.558203125 0.03194444444444444 0.02421875 0.044444444444444446
