0 0.50390625 0.07430555555555556 0.025 0.043055555555555555
0 0.58046875 0.058333333333333334 0.0234375 0.041666666666666664
0 0.6328125 0.11875 0.03125 0.059722222222222225
0 0.668359375 0.15486111111111112 0.03203125 0.05694444444444444
0 0.720703125 0.14652777777777778 0.03671875 0.059722222222222225
0 0.8234375 0.0375 0.0296875 0.05
1 0.34375 0.19375 0.0296875 0.05138888888888889
1 0.421875 0.24930555555555556 0.03125 0.05694444444444444
1 0.56015625 0.05347222222222222 0.0203125 0.043055555555555555
1 0.583203125 0.043055555555555555 0.02578125 0.04722222222222222
1 0.797265625 0.11597222222222223 0.03359375 0.0625
