1 0.58359375 0.1111111111111111 0.0203125 0.05
1 0.60078125 0.10208333333333333 0.0265625 0.04583333333333333
1 0.440234375 0.2722222222222222 0.03046875 0.058333333333333334
1 0.36875 0.21180555555555555 0.0296875 0.05138888888888889
1 0.803515625 0.19027777777777777 0.03515625 0.06111111111111111
0 0.52890625 0.12222222222222222 0.021875 0.044444444444444446
0 0.65703125 0.17916666666666667 0.0265625 0.05555555555555555
0 0.680859375 0.21597222222222223 0.03359375 0.059722222222222225
0 0.7296875 0.21180555555555555 0.0359375 0.06805555555555555
0 0.798046875 0.07916666666666666 0.02578125 0.05277777777777778
0 0.835546875 0.12291666666666666 0.02734375 0.05416666666666667
0 0.923828125 0.11944444444444445 0.02734375 0.06111111111111111
0 0.958203125 0.12638888888888888 0.03359375 0.05
