0 0.736328125 0.18263888888888888 0.03203125 0.0625
0 0.75390625 0.21388888888888888 0.0359375 0.06388888888888888
0 0.81328125 0.20625 0.0421875 0.06527777777777778
0 0.965625 0.13055555555555556 0.0390625 0.058333333333333334
0 0.918359375 0.09166666666666666 0.03046875 0.04722222222222222
0 0.611328125 0.1284722222222222 0.02421875 0.04027777777777778
0 0.683984375 0.12430555555555556 0.02265625 0.043055555555555555
1 0.49921875 0.2534722222222222 0.0296875 0.05416666666666667
1 0.449609375 0.20277777777777778 0.02421875 0.044444444444444446
1 0.66796875 0.12152777777777778 0.025 0.04861111111111111
1 0.6875 0.11736111111111111 0.021875 0.04583333333333333
1 0.908984375 0.1986111111111111 0.04609375 0.07222222222222222
