1 0.45546875 0.2590277777777778 0.03125 0.0625
1 0.407421875 0.21666666666666667 0.02421875 0.04722222222222222
1 0.624609375 0.11666666666666667 0.02109375 0.03888888888888889
1 0.6421875 0.1111111111111111 0.0265625 0.04722222222222222
1 0.8546875 0.1638888888888889 0.0421875 0.07222222222222222
0 0.56875 0.13819444444444445 0.021875 0.043055555555555555
0 0.68515625 0.17291666666666666 0.0328125 0.05416666666666667
0 0.700390625 0.19444444444444445 0.03515625 0.06111111111111111
0 0.76484375 0.18680555555555556 0.040625 0.06805555555555555
0 0.868359375 0.07152777777777777 0.03203125 0.05694444444444444
0 0.917578125 0.09930555555555555 0.03671875 0.06527777777777778
