0 0.86953125 0.24305555555555555 0.0328125 0.06111111111111111
0 0.841796875 0.21041666666666667 0.03203125 0.04861111111111111
0 0.691796875 0.3111111111111111 0.03515625 0.06111111111111111
0 0.644921875 0.3138888888888889 0.03046875 0.058333333333333334
0 0.565234375 0.2534722222222222 0.02109375 0.034722222222222224
0 0.624609375 0.25 0.01953125 0.03888888888888889
1 0.434375 0.34791666666666665 0.0234375 0.04583333333333333
1 0.4171875 0.30972222222222223 0.021875 0.03888888888888889
1 0.782421875 0.29583333333333334 0.03828125 0.06111111111111111
1 0.61015625 0.24097222222222223 0.0171875 0.03194444444444444
1 0.63203125 0.23819444444444443 0.021875 0.034722222222222224
