0 0.21953125 0.4236111111111111 0.04375 0.06666666666666667
0 0.188671875 0.2763888888888889 0.02109375 0.044444444444444446
0 0.2859375 0.2520833333333333 0.021875 0.0375
0 0.311328125 0.2534722222222222 0.02109375 0.034722222222222224
0 0.5078125 0.3611111111111111 0.028125 0.05277777777777778
0 0.34296875 0.32222222222222224 0.028125 0.04722222222222222
0 0.538671875 0.23819444444444443 0.01640625 0.034722222222222224
1 0.21015625 0.2798611111111111 0.028125 0.04027777777777778
1 0.099609375 0.33055555555555555 0.03359375 0.04722222222222222
1 0.11171875 0.31527777777777777 0.03125 0.044444444444444446
1 0.369921875 0.24166666666666667 0.02109375 0.03333333333333333
1 0.37109375 0.3236111111111111 0.0265625 0.044444444444444446
1 0.54453125 0.22569444444444445 0.0140625 0.02638888888888889
1 0.5671875 0.2569444444444444 0.0171875 0.03333333333333333
1 0.654296875 0.3541666666666667 0.02734375 0.04722222222222222
