0 0.65859375 0.24583333333333332 0.0359375 0.05555555555555555
0 0.714453125 0.23958333333333334 0.03828125 0.0625
0 0.881640625 0.17777777777777778 0.03671875 0.05555555555555555
0 0.85390625 0.1423611111111111 0.0296875 0.04861111111111111
0 0.56328125 0.17777777777777778 0.0234375 0.041666666666666664
0 0.628125 0.16875 0.01875 0.0375
1 0.613671875 0.16875 0.02109375 0.034722222222222224
1 0.637890625 0.16805555555555557 0.01640625 0.03333333333333333
1 0.433984375 0.27291666666666664 0.02578125 0.04861111111111111
1 0.408203125 0.23402777777777778 0.02109375 0.043055555555555555
1 0.808203125 0.2298611111111111 0.04140625 0.0625
