1 0.8390625 0.19444444444444445 0.040625 0.06111111111111111
1 0.46328125 0.25069444444444444 0.028125 0.04861111111111111
1 0.41640625 0.19375 0.021875 0.04027777777777778
1 0.62890625 0.10902777777777778 0.0234375 0.04027777777777778
1 0.646875 0.10138888888888889 0.0203125 0.041666666666666664
0 0.6453125 0.11388888888888889 0.0234375 0.041666666666666664
0 0.576171875 0.12291666666666666 0.02109375 0.04027777777777778
0 0.673828125 0.18125 0.02890625 0.059722222222222225
0 0.694140625 0.20972222222222223 0.03203125 0.05555555555555555
0 0.75390625 0.21180555555555555 0.0375 0.06527777777777778
0 0.86640625 0.08333333333333333 0.0296875 0.05277777777777778
0 0.90078125 0.12708333333333333 0.0390625 0.0625
