0 0.741015625 0.17430555555555555 0.03203125 0.06527777777777778
0 0.7984375 0.16944444444444445 0.0375 0.07222222222222222
0 0.87421875 0.059027777777777776 0.0296875 0.05138888888888889
0 0.923046875 0.09166666666666666 0.03515625 0.058333333333333334
0 0.584375 0.11527777777777778 0.025 0.04722222222222222
0 0.658203125 0.10347222222222222 0.02890625 0.043055555555555555
1 0.640625 0.10138888888888889 0.021875 0.044444444444444446
1 0.659375 0.09236111111111112 0.025 0.04027777777777778
1 0.428515625 0.1951388888888889 0.02578125 0.05138888888888889
1 0.491796875 0.2388888888888889 0.02890625 0.058333333333333334
1 0.88046875 0.15347222222222223 0.040625 0.06805555555555555
