1 0.819921875 0.16527777777777777 0.03359375 0.05555555555555555
1 0.593359375 0.1076388888888889 0.02109375 0.0375
1 0.392578125 0.19444444444444445 0.02421875 0.041666666666666664
1 0.48828125 0.24027777777777778 0.0296875 0.058333333333333334
1 0.6109375 0.09930555555555555 0.01875 0.034722222222222224
0 0.612890625 0.11388888888888889 0.02265625 0.03888888888888889
0 0.54375 0.11805555555555555 0.0234375 0.03888888888888889
0 0.678515625 0.1597222222222222 0.02890625 0.05277777777777778
0 0.714453125 0.18541666666666667 0.03515625 0.0625
0 0.761328125 0.18055555555555555 0.03203125 0.05555555555555555
0 0.791015625 0.08333333333333333 0.02734375 0.044444444444444446
0 0.8328125 0.11666666666666667 0.0265625 0.05277777777777778
0 0.90625 0.11458333333333333 0.0265625 0.05138888888888889
0 0.934375 0.11388888888888889 0.0296875 0.05277777777777778
