1 0.49140625 0.2875 0.034375 0.06111111111111111
1 0.410546875 0.21875 0.03046875 0.05138888888888889
1 0.918359375 0.1909722222222222 0.04296875 0.06527777777777778
1 0.63984375 0.10138888888888889 0.0234375 0.04722222222222222
1 0.661328125 0.08541666666666667 0.02265625 0.04027777777777778
0 0.57890625 0.11180555555555556 0.025 0.043055555555555555
0 0.662109375 0.10347222222222222 0.02578125 0.043055555555555555
0 0.731640625 0.17708333333333334 0.03515625 0.059722222222222225
0 0.76796875 0.21597222222222223 0.040625 0.06805555555555555
0 0.833203125 0.2125 0.04453125 0.06944444444444445
0 0.886328125 0.06041666666666667 0.03046875 0.059722222222222225
0 0.945703125 0.11180555555555556 0.03828125 0.06527777777777778
