1 0.423828125 0.19583333333333333 0.02890625 0.05
1 0.469921875 0.2791666666666667 0.03515625 0.06666666666666667
1 0.978125 0.22013888888888888 0.04375 0.08472222222222223
1 0.67890625 0.07847222222222222 0.0265625 0.05138888888888889
1 0.706640625 0.06805555555555555 0.02890625 0.044444444444444446
0 0.61328125 0.09583333333333334 0.028125 0.05
0 0.750390625 0.18125 0.04140625 0.07361111111111111
0 0.779296875 0.23333333333333334 0.04765625 0.075
0 0.86171875 0.2423611111111111 0.0515625 0.08472222222222223
0 0.987109375 0.04513888888888889 0.02578125 0.0625
