0 0.550390625 0.09861111111111111 0.02734375 0.04722222222222222
0 0.634375 0.09097222222222222 0.025 0.05138888888888889
0 0.6484375 0.19236111111111112 0.0390625 0.07083333333333333
0 0.659765625 0.25 0.03984375 0.07777777777777778
0 0.73359375 0.2534722222222222 0.0484375 0.08472222222222223
0 0.927734375 0.0375 0.04140625 0.06944444444444445
0 0.970703125 0.11597222222222223 0.05078125 0.07361111111111111
1 0.366015625 0.2048611111111111 0.02890625 0.04861111111111111
1 0.384765625 0.2972222222222222 0.03359375 0.05555555555555555
1 0.859765625 0.2326388888888889 0.05546875 0.08472222222222223
1 0.616015625 0.07916666666666666 0.02890625 0.04722222222222222
1 0.641796875 0.06666666666666667 0.02421875 0.04722222222222222
