0 0.665625 0.3159722222222222 0.053125 0.09583333333333334
0 0.603125 0.27569444444444446 0.0421875 0.07916666666666666
0 0.626171875 0.20625 0.03984375 0.07361111111111111
0 0.597265625 0.058333333333333334 0.02734375 0.05
0 0.674609375 0.0763888888888889 0.02890625 0.058333333333333334
1 0.669140625 0.05763888888888889 0.03515625 0.05138888888888889
1 0.691796875 0.05347222222222222 0.03203125 0.0625
1 0.81015625 0.3541666666666667 0.0671875 0.10277777777777777
1 0.378515625 0.22013888888888888 0.03203125 0.05694444444444444
1 0.4078125 0.11805555555555555 0.025 0.04722222222222222
