1 0.143359375 0.30833333333333335 0.02265625 0.030555555555555555
1 0.245703125 0.3527777777777778 0.02734375 0.044444444444444446
1 0.25625 0.33611111111111114 0.025 0.03888888888888889
1 0.341015625 0.30416666666666664 0.02265625 0.03888888888888889
1 0.484375 0.3638888888888889 0.028125 0.04722222222222222
1 0.490625 0.26458333333333334 0.0203125 0.034722222222222224
1 0.68203125 0.24166666666666667 0.0171875 0.027777777777777776
1 0.71171875 0.2826388888888889 0.0234375 0.043055555555555555
1 0.835546875 0.4409722222222222 0.04453125 0.06527777777777778
0 0.331640625 0.47430555555555554 0.03828125 0.059722222222222225
0 0.3234375 0.3 0.0171875 0.03888888888888889
0 0.41015625 0.27291666666666664 0.01875 0.034722222222222224
0 0.43359375 0.2791666666666667 0.01875 0.03333333333333333
0 0.4578125 0.36180555555555555 0.0265625 0.04861111111111111
0 0.636328125 0.4305555555555556 0.03515625 0.06111111111111111
0 0.676171875 0.2590277777777778 0.02109375 0.0375
