1 0.772265625 0.5145833333333333 0.08046875 0.13472222222222222
1 0.666015625 0.08541666666666667 0.03203125 0.06527777777777778
1 0.7 0.08125 0.0359375 0.06527777777777778
1 0.40546875 0.16944444444444445 0.0265625 0.04722222222222222
1 0.3609375 0.2875 0.034375 0.06111111111111111
0 0.5546875 0.38125 0.0453125 0.09305555555555556
0 0.61171875 0.44166666666666665 0.05625 0.10555555555555556
0 0.59296875 0.28888888888888886 0.04375 0.08333333333333333
0 0.596484375 0.09305555555555556 0.03046875 0.05555555555555555
0 0.673046875 0.11736111111111111 0.03359375 0.06805555555555555
