0 0.546875 0.33541666666666664 0.05625 0.10416666666666667
0 0.479296875 0.4666666666666667 0.06171875 0.1111111111111111
0 0.5328125 0.5826388888888889 0.078125 0.14305555555555555
0 0.6796875 0.10416666666666667 0.04375 0.075
0 0.593359375 0.075 0.03203125 0.07222222222222222
1 0.3078125 0.3055555555555556 0.0390625 0.06388888888888888
1 0.3828125 0.15763888888888888 0.028125 0.05694444444444444
1 0.769140625 0.8104166666666667 0.13984375 0.23194444444444445
1 0.71640625 0.06597222222222222 0.0484375 0.08194444444444444
1 0.672265625 0.07083333333333333 0.03828125 0.06666666666666667
