1 0.264453125 0.2902777777777778 0.04453125 0.075
1 0.36171875 0.13958333333333334 0.0359375 0.05694444444444444
1 0.878515625 0.9166666666666666 0.24296875 0.16666666666666666
0 0.43046875 0.46111111111111114 0.084375 0.14444444444444443
0 0.52578125 0.29583333333333334 0.071875 0.13333333333333333
0 0.487890625 0.6284722222222222 0.11640625 0.2152777777777778
0 0.590625 0.027777777777777776 0.046875 0.05277777777777778
0 0.691796875 0.03680555555555556 0.05390625 0.07083333333333333
1 0.734765625 0.017361111111111112 0.04921875 0.03194444444444444
1 0.681640625 0.018055555555555554 0.04609375 0.03333333333333333
