1 0.115625 0.32916666666666666 0.0515625 0.07222222222222222
1 0.022265625 0.5881944444444445 0.04296875 0.11527777777777778
1 0.52421875 0.05694444444444444 0.0484375 0.08888888888888889
1 0.48203125 0.07916666666666666 0.046875 0.08333333333333333
1 0.9515625 0.7638888888888888 0.096875 0.31666666666666665
0 0.389453125 0.11736111111111111 0.04140625 0.08194444444444444
0 0.498828125 0.09305555555555556 0.04765625 0.08888888888888889
0 0.416796875 0.3819444444444444 0.08671875 0.15833333333333333
0 0.358203125 0.6347222222222222 0.11796875 0.20555555555555555
0 0.525390625 0.7666666666666667 0.15390625 0.2916666666666667
