1 0.8421875 0.3958333333333333 0.1234375 0.175
1 0.345703125 0.1875 0.04609375 0.06944444444444445
1 0.307421875 0.22013888888888888 0.04609375 0.07916666666666666
0 0.19921875 0.28402777777777777 0.0546875 0.07916666666666666
0 0.33671875 0.23055555555555557 0.046875 0.075
0 0.3859375 0.4548611111111111 0.08125 0.14027777777777778
0 0.4421875 0.65 0.109375 0.18888888888888888
0 0.6265625 0.5923611111111111 0.1203125 0.20972222222222223
0 0.708984375 0.04236111111111111 0.04609375 0.08194444444444444
0 0.82734375 0.10694444444444444 0.0703125 0.12777777777777777
