0 0.103125 0.3527777777777778 0.0421875 0.058333333333333334
0 0.145703125 0.3472222222222222 0.03984375 0.06111111111111111
0 0.184765625 0.5194444444444445 0.06015625 0.08611111111111111
0 0.499609375 0.2076388888888889 0.02421875 0.05138888888888889
0 0.499609375 0.5333333333333333 0.05234375 0.09166666666666666
1 0.737890625 0.4270833333333333 0.04765625 0.08194444444444444
1 0.548046875 0.2361111111111111 0.02734375 0.05555555555555555
1 0.503515625 0.18263888888888888 0.02421875 0.03194444444444444
1 0.2421875 0.28888888888888886 0.034375 0.05277777777777778
1 0.2390625 0.5 0.0546875 0.08055555555555556
