1 0.303515625 0.41875 0.04296875 0.06527777777777778
1 0.37578125 0.5076388888888889 0.053125 0.08194444444444444
1 0.5640625 0.16319444444444445 0.0265625 0.05138888888888889
1 0.58359375 0.14097222222222222 0.0234375 0.04583333333333333
1 0.92265625 0.16527777777777777 0.05625 0.08333333333333333
0 0.49921875 0.2048611111111111 0.03125 0.05138888888888889
0 0.69453125 0.22152777777777777 0.04375 0.07361111111111111
0 0.75703125 0.2611111111111111 0.05 0.08055555555555556
0 0.837890625 0.23472222222222222 0.05546875 0.08611111111111111
0 0.90703125 0.05625 0.0390625 0.06527777777777778
0 0.8203125 0.027777777777777776 0.0359375 0.05
0 0.58984375 0.15763888888888888 0.0265625 0.04861111111111111
