0 0.509375 0.13055555555555556 0.0265625 0.05277777777777778
0 0.610546875 0.11041666666666666 0.03203125 0.059722222222222225
0 0.667578125 0.24722222222222223 0.04921875 0.09166666666666666
0 0.703515625 0.3263888888888889 0.05546875 0.10277777777777777
0 0.80859375 0.32916666666666666 0.065625 0.10555555555555556
0 0.93984375 0.027777777777777776 0.0546875 0.05277777777777778
1 0.28515625 0.3 0.0390625 0.06666666666666667
1 0.352734375 0.41805555555555557 0.04765625 0.08055555555555556
1 0.587109375 0.10069444444444445 0.03359375 0.0625
1 0.61484375 0.08125 0.028125 0.05138888888888889
1 0.962109375 0.2798611111111111 0.07578125 0.10694444444444444
