1 0.883984375 0.25972222222222224 0.06328125 0.08055555555555556
1 0.9515625 0.2833333333333333 0.0765625 0.1111111111111111
1 0.529296875 0.21597222222222223 0.02578125 0.05138888888888889
1 0.39453125 0.38680555555555557 0.040625 0.06805555555555555
1 0.42421875 0.45555555555555555 0.05 0.08333333333333333
0 0.379296875 0.7576388888888889 0.08359375 0.14305555555555555
0 0.483984375 0.9076388888888889 0.10859375 0.18472222222222223
0 0.706640625 0.23333333333333334 0.04453125 0.07777777777777778
0 0.7734375 0.2152777777777778 0.0484375 0.08055555555555556
0 0.8828125 0.32013888888888886 0.06875 0.1125
