1 0.04453125 0.3236111111111111 0.05625 0.06944444444444445
1 0.33984375 0.28055555555555556 0.0328125 0.058333333333333334
1 0.258203125 0.49930555555555556 0.06484375 0.09583333333333334
1 0.623046875 0.2923611111111111 0.02578125 0.043055555555555555
1 0.66953125 0.36666666666666664 0.034375 0.06111111111111111
1 0.937109375 0.76875 0.08984375 0.12083333333333333
0 0.196875 0.27569444444444446 0.0390625 0.05694444444444444
0 0.2359375 0.2902777777777778 0.0375 0.058333333333333334
0 0.2 0.48819444444444443 0.065625 0.10138888888888889
0 0.558984375 0.74375 0.07734375 0.15416666666666667
0 0.617578125 0.31666666666666665 0.02890625 0.05277777777777778
