1 0.3140625 0.4270833333333333 0.0625 0.10972222222222222
1 0.396484375 0.2548611111111111 0.04609375 0.08194444444444444
1 0.45 0.2013888888888889 0.0453125 0.08611111111111111
1 0.625 0.13125 0.05 0.09027777777777778
0 0.732421875 0.4215277777777778 0.09609375 0.15138888888888888
0 0.9609375 0.4875 0.078125 0.18611111111111112
0 0.933984375 0.043055555555555555 0.06796875 0.08333333333333333
0 0.775390625 0.014583333333333334 0.04296875 0.02638888888888889
0 0.16484375 0.4597222222222222 0.0625 0.08611111111111111
0 0.3015625 0.3347222222222222 0.0515625 0.08333333333333333
0 0.453125 0.24027777777777778 0.05 0.08333333333333333
