0 0.726953125 0.3861111111111111 0.10390625 0.15833333333333333
0 0.86953125 0.5729166666666666 0.14375 0.2013888888888889
0 0.48515625 0.16666666666666666 0.04375 0.08333333333333333
0 0.351953125 0.22152777777777777 0.04453125 0.07083333333333333
0 0.2265625 0.2972222222222222 0.0484375 0.07222222222222222
1 0.24140625 0.45694444444444443 0.065625 0.1
1 0.02890625 0.5979166666666667 0.05625 0.0875
1 0.435546875 0.18194444444444444 0.04609375 0.08333333333333333
1 0.4875 0.125 0.040625 0.07777777777777778
1 0.734765625 0.02361111111111111 0.04609375 0.044444444444444446
