1 0.86875 0.09444444444444444 0.0625 0.10833333333333334
1 0.496875 0.13958333333333334 0.0390625 0.0763888888888889
1 0.445703125 0.18819444444444444 0.04140625 0.07361111111111111
1 0.127734375 0.4888888888888889 0.06171875 0.08055555555555556
1 0.121875 0.38125 0.0515625 0.06527777777777778
0 0.268359375 0.23680555555555555 0.04140625 0.059722222222222225
0 0.384375 0.18611111111111112 0.04375 0.06666666666666667
0 0.48359375 0.175 0.0390625 0.07222222222222222
0 0.6046875 0.4479166666666667 0.0765625 0.13194444444444445
0 0.569140625 0.6229166666666667 0.09609375 0.1625
0 0.91796875 0.06180555555555556 0.05625 0.09861111111111111
0 0.98359375 0.22152777777777777 0.0328125 0.12083333333333333
