0 0.240625 0.3770833333333333 0.046875 0.06805555555555555
0 0.32265625 0.2111111111111111 0.0171875 0.03611111111111111
0 0.41328125 0.20416666666666666 0.01875 0.03611111111111111
0 0.434765625 0.2125 0.02109375 0.03888888888888889
0 0.415625 0.29583333333333334 0.028125 0.05555555555555555
0 0.56953125 0.35694444444444445 0.0375 0.06666666666666667
0 0.707421875 0.2423611111111111 0.02578125 0.04583333333333333
1 0.17734375 0.19236111111111112 0.021875 0.034722222222222224
1 0.233203125 0.24583333333333332 0.02734375 0.04722222222222222
1 0.249609375 0.23333333333333334 0.02734375 0.041666666666666664
1 0.336328125 0.21944444444444444 0.02265625 0.041666666666666664
1 0.443359375 0.30416666666666664 0.03046875 0.05555555555555555
1 0.496484375 0.20902777777777778 0.02265625 0.04027777777777778
1 0.657421875 0.42083333333333334 0.04296875 0.075
1 0.719921875 0.2326388888888889 0.02265625 0.04583333333333333
1 0.740234375 0.2798611111111111 0.03046875 0.05138888888888889
