1 0.22109375 0.5972222222222222 0.096875 0.15
1 0.619921875 0.2013888888888889 0.03828125 0.08055555555555556
1 0.735546875 0.5152777777777777 0.09765625 0.16111111111111112
1 0.6421875 0.18263888888888888 0.0359375 0.06527777777777778
1 0.949609375 0.1423611111111111 0.04140625 0.0763888888888889
0 0.428125 0.30277777777777776 0.05 0.09166666666666666
0 0.54296875 0.23333333333333334 0.0421875 0.075
0 0.66796875 0.19652777777777777 0.0375 0.07361111111111111
0 0.859765625 0.11736111111111111 0.03203125 0.059722222222222225
0 0.987890625 0.14722222222222223 0.02421875 0.08888888888888889
