1 0.273046875 0.49930555555555556 0.04296875 0.06805555555555555
1 0.178125 0.6576388888888889 0.0453125 0.06527777777777778
0 0.073046875 0.9743055555555555 0.07109375 0.05138888888888889
0 0.690625 0.5208333333333334 0.0828125 0.12222222222222222
0 0.49453125 0.27708333333333335 0.0375 0.05416666666666667
0 0.441015625 0.1736111111111111 0.03046875 0.05
0 0.364453125 0.22083333333333333 0.02734375 0.03888888888888889
0 0.544921875 0.09722222222222222 0.02890625 0.05
1 0.420703125 0.18333333333333332 0.02421875 0.04722222222222222
1 0.489453125 0.32916666666666666 0.04296875 0.075
