1 0.55625 0.41041666666666665 0.0375 0.06527777777777778
1 0.5984375 0.24861111111111112 0.0171875 0.041666666666666664
1 0.616796875 0.29097222222222224 0.02421875 0.04583333333333333
1 0.31953125 0.3159722222222222 0.0359375 0.059722222222222225
1 0.379296875 0.21388888888888888 0.02265625 0.041666666666666664
1 0.186328125 0.21666666666666667 0.03203125 0.05
1 0.046875 0.2465277777777778 0.040625 0.05416666666666667
1 0.069921875 0.2326388888888889 0.03828125 0.05138888888888889
0 0.057421875 0.4111111111111111 0.06796875 0.08611111111111111
0 0.167578125 0.20833333333333334 0.02265625 0.044444444444444446
0 0.2828125 0.2013888888888889 0.025 0.041666666666666664
0 0.308203125 0.2111111111111111 0.02578125 0.03888888888888889
0 0.28515625 0.30625 0.0359375 0.06527777777777778
0 0.303515625 0.2520833333333333 0.03359375 0.05138888888888889
0 0.587109375 0.25833333333333336 0.02109375 0.044444444444444446
