1 0.519921875 0.29305555555555557 0.03828125 0.06944444444444445
1 0.3578125 0.25625 0.0328125 0.05416666666666667
1 0.28984375 0.30277777777777776 0.0328125 0.05
1 0.583203125 0.08541666666666667 0.02578125 0.05416666666666667
0 0.161328125 0.4756944444444444 0.04296875 0.0625
0 0.1625 0.5680555555555555 0.0484375 0.06944444444444445
0 0.6109375 0.45902777777777776 0.0546875 0.09583333333333334
0 0.569921875 0.24791666666666667 0.04140625 0.07083333333333333
0 0.5375 0.07708333333333334 0.025 0.04861111111111111
0 0.600390625 0.09166666666666666 0.02734375 0.05555555555555555
0 0.71484375 0.09652777777777778 0.0359375 0.0625
1 0.993359375 0.9270833333333334 0.01328125 0.14583333333333334
