0 0.291015625 0.3173611111111111 0.03203125 0.04583333333333333
0 0.366015625 0.20902777777777778 0.02734375 0.04583333333333333
0 0.45390625 0.3298611111111111 0.040625 0.0763888888888889
0 0.5546875 0.2652777777777778 0.04375 0.07777777777777778
0 0.875390625 0.18541666666666667 0.06953125 0.10694444444444444
0 0.789453125 0.07083333333333333 0.04765625 0.07777777777777778
1 0.457421875 0.14444444444444443 0.02578125 0.05
1 0.476953125 0.26666666666666666 0.03671875 0.06388888888888888
1 0.50390625 0.14027777777777778 0.0265625 0.05277777777777778
1 0.76640625 0.19027777777777777 0.0609375 0.1
1 0.789453125 0.034722222222222224 0.04296875 0.05
0 0.7703125 0.017361111111111112 0.0390625 0.03194444444444444
0 0.935546875 0.034027777777777775 0.06171875 0.06527777777777778
