0 0.26796875 0.26319444444444445 0.034375 0.05138888888888889
0 0.341015625 0.17777777777777778 0.02578125 0.04722222222222222
0 0.43359375 0.31527777777777777 0.0421875 0.08055555555555556
0 0.551953125 0.2923611111111111 0.04296875 0.08194444444444444
0 0.795703125 0.04791666666666667 0.03828125 0.07361111111111111
0 0.884765625 0.26666666666666666 0.06953125 0.11388888888888889
0 0.816015625 0.13958333333333334 0.05546875 0.09305555555555556
1 0.478515625 0.27847222222222223 0.03984375 0.07916666666666666
1 0.45625 0.12638888888888888 0.028125 0.05
1 0.497265625 0.13402777777777777 0.02734375 0.059722222222222225
1 0.673046875 0.15069444444444444 0.04140625 0.0763888888888889
1 0.812890625 0.10833333333333334 0.04453125 0.06666666666666667
