0 0.3984375 0.34444444444444444 0.015625 0.03333333333333333
0 0.44453125 0.4618055555555556 0.028125 0.04861111111111111
0 0.4328125 0.38819444444444445 0.021875 0.0375
0 0.473046875 0.3548611111111111 0.01640625 0.029166666666666667
0 0.490234375 0.36736111111111114 0.01484375 0.029166666666666667
0 0.469921875 0.43472222222222223 0.02421875 0.044444444444444446
0 0.723828125 0.4444444444444444 0.02265625 0.03888888888888889
1 0.619140625 0.5631944444444444 0.03359375 0.05694444444444444
1 0.73828125 0.43680555555555556 0.01875 0.0375
1 0.75 0.4826388888888889 0.028125 0.04583333333333333
1 0.5421875 0.37569444444444444 0.01875 0.029166666666666667
1 0.49140625 0.44722222222222224 0.025 0.044444444444444446
1 0.325 0.35625 0.0203125 0.0375
1 0.338671875 0.35 0.01484375 0.03333333333333333
1 0.40859375 0.3541666666666667 0.0203125 0.03333333333333333
