1 0.4796875 0.33819444444444446 0.0296875 0.05416666666666667
1 0.407421875 0.32916666666666666 0.02734375 0.05277777777777778
1 0.54765625 0.5048611111111111 0.0390625 0.07361111111111111
0 0.51640625 0.6256944444444444 0.0484375 0.09027777777777778
1 0.590234375 0.5090277777777777 0.04453125 0.0763888888888889
0 0.63359375 0.5354166666666667 0.0484375 0.08472222222222223
0 0.68359375 0.2798611111111111 0.028125 0.05416666666666667
0 0.728125 0.2534722222222222 0.03125 0.05694444444444444
1 0.77265625 0.3145833333333333 0.0375 0.059722222222222225
0 0.78671875 0.3416666666666667 0.0421875 0.06944444444444445
0 0.8921875 0.32708333333333334 0.0421875 0.06527777777777778
0 0.935546875 0.32916666666666666 0.04609375 0.07222222222222222
0 0.829296875 0.2951388888888889 0.03359375 0.05138888888888889
0 0.84296875 0.28125 0.0421875 0.0625
0 0.876953125 0.3034722222222222 0.03203125 0.06527777777777778
0 0.2609375 0.40069444444444446 0.0328125 0.05416666666666667
0 0.176953125 0.5305555555555556 0.04140625 0.06388888888888888
