0 0.1859375 0.49375 0.040625 0.05416666666666667
0 0.137890625 0.6569444444444444 0.05390625 0.075
1 0.340234375 0.34930555555555554 0.02890625 0.04861111111111111
1 0.425390625 0.32222222222222224 0.02890625 0.05277777777777778
1 0.554296875 0.40069444444444446 0.03828125 0.06527777777777778
1 0.58984375 0.3840277777777778 0.0359375 0.06805555555555555
0 0.630078125 0.3819444444444444 0.03984375 0.07222222222222222
0 0.569921875 0.4895833333333333 0.04453125 0.07916666666666666
0 0.60859375 0.20625 0.021875 0.04861111111111111
1 0.65703125 0.21180555555555555 0.025 0.04861111111111111
0 0.673046875 0.22430555555555556 0.03046875 0.05416666666666667
0 0.7359375 0.18680555555555556 0.0296875 0.04583333333333333
0 0.76015625 0.1798611111111111 0.0296875 0.04861111111111111
1 0.86640625 0.14166666666666666 0.03125 0.044444444444444446
0 0.688671875 0.18333333333333332 0.02734375 0.044444444444444446
0 0.716015625 0.17708333333333334 0.02734375 0.04583333333333333
