0 0.234765625 0.5583333333333333 0.04453125 0.06666666666666667
0 0.201953125 0.7645833333333333 0.06171875 0.09305555555555556
1 0.485546875 0.3597222222222222 0.03046875 0.05277777777777778
1 0.3921875 0.3909722222222222 0.03125 0.05694444444444444
1 0.655859375 0.42430555555555555 0.03828125 0.07083333333333333
1 0.690234375 0.40555555555555556 0.03828125 0.06944444444444445
0 0.704296875 0.5111111111111111 0.05078125 0.08055555555555556
0 0.733203125 0.39861111111111114 0.04140625 0.06944444444444445
0 0.726953125 0.24305555555555555 0.02890625 0.05277777777777778
0 0.666796875 0.2222222222222222 0.02109375 0.04722222222222222
0 0.643359375 0.21805555555555556 0.01953125 0.041666666666666664
1 0.705078125 0.23402777777777778 0.02578125 0.04861111111111111
0 0.777734375 0.20625 0.02890625 0.04583333333333333
0 0.800390625 0.19166666666666668 0.02734375 0.058333333333333334
0 0.730859375 0.19722222222222222 0.02578125 0.041666666666666664
1 0.890234375 0.16111111111111112 0.03203125 0.044444444444444446
1 0.889453125 0.19722222222222222 0.03515625 0.04722222222222222
0 0.98203125 0.03680555555555556 0.01875 0.029166666666666667
0 0.75703125 0.1986111111111111 0.0265625 0.041666666666666664
