1 0.37734375 0.49375 0.04375 0.06805555555555555
0 0.193359375 0.8326388888888889 0.07578125 0.12083333333333333
1 0.490625 0.41944444444444445 0.0359375 0.06388888888888888
1 0.725 0.44166666666666665 0.05 0.075
1 0.7484375 0.4125 0.0484375 0.07222222222222222
0 0.78984375 0.3958333333333333 0.040625 0.07222222222222222
0 0.82265625 0.525 0.0640625 0.09166666666666666
0 0.701171875 0.24930555555555556 0.03046875 0.05138888888888889
1 0.675 0.24444444444444444 0.025 0.04722222222222222
0 0.623828125 0.24583333333333332 0.02421875 0.044444444444444446
0 0.605859375 0.2361111111111111 0.02265625 0.044444444444444446
0 0.73203125 0.20972222222222223 0.025 0.041666666666666664
0 0.7484375 0.19722222222222222 0.0234375 0.04722222222222222
1 0.803515625 0.15555555555555556 0.02578125 0.03333333333333333
1 0.912109375 0.07847222222222222 0.02109375 0.029166666666666667
0 0.813671875 0.05625 0.01015625 0.020833333333333332
0 0.68515625 0.20625 0.0265625 0.04027777777777778
