1 0.5390625 0.5402777777777777 0.053125 0.09166666666666666
1 0.396484375 0.7430555555555556 0.06796875 0.11666666666666667
1 0.87421875 0.4895833333333333 0.0703125 0.09861111111111111
1 0.88125 0.425 0.0640625 0.08611111111111111
0 0.91015625 0.39444444444444443 0.0640625 0.08333333333333333
0 0.616015625 0.22916666666666666 0.03359375 0.058333333333333334
0 0.5921875 0.22291666666666668 0.028125 0.05138888888888889
0 0.714453125 0.21736111111111112 0.03671875 0.0625
1 0.680859375 0.21597222222222223 0.02890625 0.059722222222222225
0 0.67734375 0.1763888888888889 0.0296875 0.044444444444444446
0 0.723046875 0.15902777777777777 0.03203125 0.05416666666666667
0 0.737890625 0.14583333333333334 0.02890625 0.05277777777777778
0 0.696875 0.15902777777777777 0.021875 0.04027777777777778
1 0.77109375 0.09027777777777778 0.0265625 0.04722222222222222
