0 0.62734375 0.3625 0.06875 0.11388888888888889
0 0.824609375 0.5486111111111112 0.09765625 0.14722222222222223
0 0.305859375 0.20833333333333334 0.05546875 0.09444444444444444
0 0.15390625 0.34305555555555556 0.065625 0.08888888888888889
0 0.107421875 0.36319444444444443 0.06640625 0.09583333333333334
0 0.235546875 0.16805555555555557 0.05078125 0.08611111111111111
0 0.21015625 0.1486111111111111 0.0421875 0.075
0 0.248828125 0.11388888888888889 0.04609375 0.075
0 0.290234375 0.08819444444444445 0.04609375 0.08194444444444444
0 0.3 0.05347222222222222 0.04375 0.07916666666666666
0 0.271484375 0.044444444444444446 0.03671875 0.06666666666666667
1 0.257421875 0.23958333333333334 0.05390625 0.09027777777777778
1 0.6234375 0.4722222222222222 0.0734375 0.12777777777777777
1 0.65 0.5916666666666667 0.084375 0.14722222222222223
1 0.23828125 0.8083333333333333 0.1 0.16111111111111112
1 0.057421875 0.6034722222222222 0.08828125 0.10694444444444444
