1 0.56328125 0.6083333333333333 0.078125 0.1388888888888889
1 0.50703125 0.7111111111111111 0.084375 0.15
1 0.311328125 0.2548611111111111 0.06015625 0.09583333333333334
1 0.503125 0.04513888888888889 0.05 0.0875
1 0.35078125 0.0375 0.04375 0.07222222222222222
0 0.416015625 0.043055555555555555 0.04609375 0.08333333333333333
0 0.390234375 0.029861111111111113 0.03828125 0.05694444444444444
0 0.63828125 0.5430555555555555 0.0828125 0.1361111111111111
0 0.64140625 0.9548611111111112 0.103125 0.09027777777777778
0 0.539453125 0.05277777777777778 0.04921875 0.1
