1 0.1265625 0.1284722222222222 0.0359375 0.05694444444444444
1 0.1453125 0.11319444444444444 0.03125 0.05416666666666667
1 0.2515625 0.09722222222222222 0.0296875 0.058333333333333334
1 0.383203125 0.21597222222222223 0.03515625 0.0625
1 0.438671875 0.09861111111111111 0.02265625 0.05
1 0.556640625 0.3472222222222222 0.03984375 0.075
1 0.671484375 0.1486111111111111 0.01953125 0.05277777777777778
1 0.6890625 0.2048611111111111 0.0296875 0.05138888888888889
0 0.2328125 0.08680555555555555 0.0171875 0.04861111111111111
0 0.29296875 0.1451388888888889 0.0328125 0.05694444444444444
0 0.343359375 0.08194444444444444 0.02578125 0.044444444444444446
0 0.369140625 0.09444444444444444 0.02421875 0.04722222222222222
0 0.341015625 0.23194444444444445 0.03828125 0.06944444444444445
0 0.351171875 0.19930555555555557 0.03359375 0.0625
0 0.658203125 0.15833333333333333 0.02421875 0.04722222222222222
