1 0.763671875 0.3854166666666667 0.06171875 0.10138888888888889
1 0.642578125 0.1361111111111111 0.03203125 0.058333333333333334
1 0.7421875 0.10138888888888889 0.0359375 0.06111111111111111
1 0.859375 0.11388888888888889 0.04375 0.07222222222222222
1 0.14453125 0.6784722222222223 0.0609375 0.08194444444444444
0 0.184375 0.7236111111111111 0.0640625 0.09166666666666666
0 0.454296875 0.48125 0.04921875 0.0875
0 0.2140625 0.47152777777777777 0.04375 0.0625
0 0.587890625 0.21805555555555556 0.03359375 0.06666666666666667
0 0.888671875 0.1284722222222222 0.04609375 0.0763888888888889
0 0.761328125 0.07222222222222222 0.03515625 0.06111111111111111
0 0.78984375 0.08333333333333333 0.0375 0.06111111111111111
