0 0.316796875 0.3458333333333333 0.03046875 0.05277777777777778
0 0.34921875 0.44513888888888886 0.040625 0.0625
0 0.655078125 0.3701388888888889 0.04765625 0.08472222222222223
0 0.605859375 0.12222222222222222 0.02578125 0.05277777777777778
0 0.9046875 0.044444444444444446 0.0421875 0.06666666666666667
0 0.8171875 0.022222222222222223 0.03125 0.041666666666666664
1 0.373828125 0.3909722222222222 0.03828125 0.06527777777777778
1 0.690625 0.058333333333333334 0.028125 0.05277777777777778
1 0.958203125 0.24722222222222223 0.06328125 0.09166666666666666
1 0.789453125 0.027083333333333334 0.02890625 0.05138888888888889
1 0.87578125 0.035416666666666666 0.034375 0.05694444444444444
