0 0.421484375 0.22152777777777777 0.02421875 0.04861111111111111
0 0.4375 0.16180555555555556 0.021875 0.04027777777777778
0 0.632421875 0.12430555555555556 0.02421875 0.04583333333333333
0 0.811328125 0.3416666666666667 0.05234375 0.08333333333333333
0 0.934375 0.14722222222222223 0.0375 0.06388888888888888
0 0.87890625 0.08541666666666667 0.028125 0.04861111111111111
0 0.88828125 0.09930555555555555 0.034375 0.05416666666666667
1 0.524609375 0.17291666666666666 0.02265625 0.04583333333333333
1 0.76328125 0.08611111111111111 0.0265625 0.04722222222222222
1 0.854296875 0.09861111111111111 0.02890625 0.04722222222222222
1 0.92109375 0.13402777777777777 0.0359375 0.05138888888888889
0 0.979296875 0.12083333333333333 0.03203125 0.05
