0 0.425390625 0.19027777777777777 0.02265625 0.044444444444444446
0 0.451953125 0.14027777777777778 0.01953125 0.041666666666666664
0 0.625390625 0.09444444444444444 0.02265625 0.05
0 0.799609375 0.2111111111111111 0.04921875 0.07777777777777778
0 0.947265625 0.10347222222222222 0.04140625 0.07083333333333333
0 0.901953125 0.059722222222222225 0.03984375 0.06666666666666667
1 0.994140625 0.16111111111111112 0.01171875 0.06666666666666667
1 0.774609375 0.06111111111111111 0.02578125 0.05
1 0.866796875 0.06527777777777778 0.03203125 0.05277777777777778
1 0.541796875 0.13819444444444445 0.02265625 0.043055555555555555
1 0.938671875 0.09097222222222222 0.03984375 0.06527777777777778
