0 0.095703125 0.6805555555555556 0.10234375 0.14166666666666666
0 0.28828125 0.2423611111111111 0.0421875 0.06805555555555555
0 0.102734375 0.23819444444444443 0.04453125 0.05416666666666667
0 0.12890625 0.3701388888888889 0.065625 0.08194444444444444
0 0.16875 0.5493055555555556 0.08125 0.12361111111111112
0 0.2578125 0.22083333333333333 0.034375 0.06666666666666667
0 0.7484375 0.3388888888888889 0.046875 0.08055555555555556
1 0.395703125 0.24027777777777778 0.03828125 0.06666666666666667
1 0.819140625 0.45625 0.06015625 0.09305555555555556
1 0.762109375 0.3034722222222222 0.04296875 0.06527777777777778
1 0.21875 0.5819444444444445 0.0796875 0.11944444444444445
1 0.1125 0.2652777777777778 0.05 0.075
