0 0.978125 0.1423611111111111 0.0359375 0.06805555555555555
0 0.88046875 0.15486111111111112 0.040625 0.06527777777777778
0 0.48046875 0.12013888888888889 0.01875 0.0375
0 0.512890625 0.09375 0.01796875 0.0375
0 0.664453125 0.0875 0.02265625 0.044444444444444446
0 0.821875 0.08402777777777778 0.0296875 0.05138888888888889
0 0.905078125 0.11041666666666666 0.03203125 0.05416666666666667
0 0.92109375 0.09236111111111112 0.0328125 0.05138888888888889
1 0.847265625 0.18958333333333333 0.04609375 0.07083333333333333
1 0.866015625 0.10138888888888889 0.03515625 0.058333333333333334
1 0.79453125 0.08194444444444444 0.0296875 0.05277777777777778
1 0.6453125 0.08194444444444444 0.0234375 0.03888888888888889
