0 0.888671875 0.12222222222222222 0.04140625 0.06111111111111111
0 0.444921875 0.19305555555555556 0.01796875 0.03888888888888889
0 0.459765625 0.15763888888888888 0.01796875 0.0375
0 0.633984375 0.10833333333333334 0.02109375 0.041666666666666664
0 0.838671875 0.06805555555555555 0.02890625 0.05
0 0.881640625 0.07361111111111111 0.03671875 0.058333333333333334
1 0.611328125 0.1125 0.01953125 0.041666666666666664
1 0.761328125 0.08125 0.02734375 0.043055555555555555
1 0.894140625 0.15416666666666667 0.04453125 0.06944444444444445
1 0.847265625 0.08263888888888889 0.03046875 0.05694444444444444
1 0.89453125 0.10902777777777778 0.040625 0.06527777777777778
