1 0.883203125 0.1361111111111111 0.04140625 0.06388888888888888
1 0.580078125 0.13958333333333334 0.02109375 0.034722222222222224
1 0.7203125 0.09375 0.0234375 0.04583333333333333
1 0.801953125 0.08472222222222223 0.02421875 0.044444444444444446
1 0.848828125 0.09583333333333334 0.03203125 0.05
0 0.4203125 0.23680555555555555 0.0203125 0.04027777777777778
0 0.428515625 0.20069444444444445 0.01796875 0.03194444444444444
0 0.608984375 0.1326388888888889 0.02109375 0.04027777777777778
0 0.851953125 0.10972222222222222 0.03046875 0.058333333333333334
0 0.831640625 0.075 0.02734375 0.058333333333333334
0 0.805078125 0.06527777777777778 0.02890625 0.03888888888888889
0 0.965625 0.09027777777777778 0.0390625 0.075
0 0.914453125 0.075 0.03046875 0.04722222222222222
0 0.94140625 0.07083333333333333 0.0296875 0.05
