0 0.416015625 0.2222222222222222 0.01953125 0.03611111111111111
0 0.418359375 0.19375 0.01796875 0.034722222222222224
0 0.606640625 0.13333333333333333 0.01953125 0.03888888888888889
0 0.84765625 0.13194444444444445 0.03125 0.05555555555555555
0 0.820703125 0.10138888888888889 0.02578125 0.05
0 0.783984375 0.09513888888888888 0.02578125 0.043055555555555555
0 0.9828125 0.12361111111111112 0.034375 0.05555555555555555
0 0.94453125 0.11736111111111111 0.0421875 0.059722222222222225
1 0.88515625 0.15555555555555556 0.0359375 0.058333333333333334
1 0.790625 0.10347222222222222 0.0265625 0.04861111111111111
1 0.844140625 0.11944444444444445 0.02734375 0.04722222222222222
1 0.578515625 0.14027777777777778 0.01953125 0.03611111111111111
1 0.715234375 0.10555555555555556 0.02109375 0.041666666666666664
