1 0.572265625 0.10555555555555556 0.01953125 0.03888888888888889
1 0.7046875 0.07847222222222222 0.0203125 0.0375
1 0.774609375 0.08402777777777778 0.02265625 0.043055555555555555
1 0.8671875 0.12638888888888888 0.0328125 0.05555555555555555
1 0.8265625 0.09375 0.0234375 0.04583333333333333
0 0.83515625 0.10069444444444445 0.0265625 0.04861111111111111
0 0.5953125 0.10347222222222222 0.0203125 0.0375
0 0.415234375 0.18541666666666667 0.02109375 0.04027777777777778
0 0.407421875 0.15208333333333332 0.01953125 0.03194444444444444
0 0.801171875 0.07291666666666667 0.02421875 0.04583333333333333
0 0.766015625 0.06875 0.01953125 0.0375
0 0.948046875 0.09861111111111111 0.02890625 0.05
0 0.918359375 0.09722222222222222 0.02890625 0.044444444444444446
0 0.90390625 0.08958333333333333 0.0265625 0.04583333333333333
0 0.96484375 0.08819444444444445 0.0265625 0.04861111111111111
