0 0.4921875 0.1736111111111111 0.01875 0.03611111111111111
0 0.51484375 0.19722222222222222 0.0203125 0.041666666666666664
0 0.676953125 0.09791666666666667 0.01953125 0.04027777777777778
0 0.94375 0.06180555555555556 0.0328125 0.05138888888888889
0 0.858984375 0.04513888888888889 0.02421875 0.043055555555555555
0 0.900390625 0.04513888888888889 0.02578125 0.04583333333333333
1 0.655859375 0.10486111111111111 0.01953125 0.04027777777777778
1 0.790625 0.06041666666666667 0.0234375 0.04027777777777778
1 0.873828125 0.05 0.02578125 0.041666666666666664
1 0.930859375 0.05763888888888889 0.02890625 0.04861111111111111
1 0.98671875 0.07777777777777778 0.0265625 0.06111111111111111
