1 0.50625 0.4305555555555556 0.0359375 0.06944444444444445
1 0.801953125 0.9354166666666667 0.10546875 0.12916666666666668
1 0.83984375 0.8576388888888888 0.1 0.15694444444444444
0 0.33125 0.5076388888888889 0.046875 0.07916666666666666
0 0.384765625 0.45625 0.03984375 0.07083333333333333
0 0.424609375 0.4076388888888889 0.03359375 0.0625
0 0.525 0.32430555555555557 0.0265625 0.05416666666666667
0 0.594921875 0.3763888888888889 0.03359375 0.058333333333333334
0 0.63125 0.38472222222222224 0.034375 0.06666666666666667
0 0.65546875 0.4444444444444444 0.04375 0.07777777777777778
0 0.04140625 0.42569444444444443 0.0375 0.05694444444444444
