1 0.4625 0.5513888888888889 0.046875 0.08611111111111111
1 0.621875 0.40694444444444444 0.0296875 0.05555555555555555
1 0.3234375 0.28958333333333336 0.028125 0.04583333333333333
1 0.3484375 0.2833333333333333 0.025 0.044444444444444446
1 0.37421875 0.3125 0.0296875 0.05
1 0.434375 0.3125 0.0265625 0.05
1 0.987890625 0.6645833333333333 0.02421875 0.04027777777777778
0 0.381640625 0.5458333333333333 0.05234375 0.09166666666666666
0 0.43828125 0.5048611111111111 0.046875 0.08194444444444444
0 0.434375 0.3819444444444444 0.034375 0.06111111111111111
0 0.526953125 0.37777777777777777 0.02890625 0.05555555555555555
0 0.43046875 0.2923611111111111 0.0234375 0.034722222222222224
0 0.528125 0.33611111111111114 0.0265625 0.041666666666666664
0 0.972265625 0.7083333333333334 0.05546875 0.09166666666666666
