0 0.365234375 0.7180555555555556 0.08359375 0.13333333333333333
0 0.445703125 0.6180555555555556 0.07265625 0.11666666666666667
0 0.412109375 0.2708333333333333 0.02734375 0.03888888888888889
0 0.416796875 0.4083333333333333 0.04609375 0.07222222222222222
0 0.4671875 0.34444444444444444 0.034375 0.06666666666666667
0 0.535546875 0.31319444444444444 0.03203125 0.0625
1 0.262890625 0.3888888888888889 0.04765625 0.07222222222222222
1 0.290625 0.3020833333333333 0.0359375 0.0625
1 0.309375 0.28194444444444444 0.0328125 0.058333333333333334
1 0.420703125 0.3 0.03515625 0.06388888888888888
1 0.487109375 0.6944444444444444 0.06640625 0.125
1 0.666015625 0.3854166666666667 0.04140625 0.06805555555555555
