1 0.241796875 0.39861111111111114 0.05234375 0.08611111111111111
1 0.411328125 0.2722222222222222 0.02890625 0.05555555555555555
1 0.427734375 0.26180555555555557 0.02578125 0.05138888888888889
1 0.518359375 0.29305555555555557 0.03203125 0.05555555555555555
1 0.530859375 0.5861111111111111 0.06484375 0.10833333333333334
1 0.753125 0.4131944444444444 0.04375 0.07083333333333333
0 0.42421875 0.5659722222222222 0.06875 0.1125
0 0.502734375 0.5201388888888889 0.06171875 0.10416666666666667
0 0.515625 0.2652777777777778 0.028125 0.027777777777777776
0 0.50859375 0.36875 0.0375 0.07083333333333333
0 0.5859375 0.3715277777777778 0.0359375 0.06527777777777778
0 0.628125 0.3236111111111111 0.03125 0.058333333333333334
