0 0.447265625 0.5215277777777778 0.05390625 0.09583333333333334
0 0.40625 0.29930555555555555 0.03125 0.059722222222222225
0 0.5359375 0.23958333333333334 0.0234375 0.04583333333333333
0 0.531640625 0.35208333333333336 0.03359375 0.0625
0 0.603515625 0.3 0.02890625 0.05277777777777778
0 0.645703125 0.30416666666666664 0.03046875 0.05277777777777778
1 0.622265625 0.49722222222222223 0.05078125 0.08333333333333333
1 0.759765625 0.3902777777777778 0.04296875 0.06666666666666667
1 0.351953125 0.34444444444444444 0.03671875 0.06111111111111111
1 0.4625 0.25416666666666665 0.025 0.04722222222222222
1 0.544921875 0.28055555555555556 0.02890625 0.05277777777777778
1 0.26484375 0.4444444444444444 0.0484375 0.07777777777777778
