1 0.324609375 0.4736111111111111 0.05546875 0.08055555555555556
1 0.382421875 0.30416666666666664 0.02734375 0.05
1 0.46953125 0.3416666666666667 0.03125 0.058333333333333334
1 0.690234375 0.48194444444444445 0.04609375 0.07222222222222222
1 0.4890625 0.9534722222222223 0.10625 0.09305555555555556
1 0.147265625 0.46041666666666664 0.05859375 0.0875
0 0.276171875 0.6368055555555555 0.07890625 0.12361111111111112
0 0.278515625 0.3861111111111111 0.04609375 0.06944444444444445
0 0.4390625 0.42083333333333334 0.040625 0.07222222222222222
0 0.45625 0.3055555555555556 0.0265625 0.05
0 0.53359375 0.3770833333333333 0.03125 0.05694444444444444
0 0.57109375 0.3763888888888889 0.03125 0.058333333333333334
