0 0.35859375 0.5041666666666667 0.0546875 0.09444444444444444
0 0.312890625 0.29583333333333334 0.03671875 0.06666666666666667
0 0.45703125 0.23541666666666666 0.021875 0.04861111111111111
0 0.454296875 0.3486111111111111 0.03515625 0.06111111111111111
0 0.52265625 0.30625 0.028125 0.05416666666666667
0 0.566796875 0.3076388888888889 0.02734375 0.05416666666666667
1 0.66171875 0.8229166666666666 0.078125 0.14305555555555555
1 0.205859375 0.3923611111111111 0.04921875 0.07361111111111111
1 0.664453125 0.39375 0.03671875 0.0625
1 0.393359375 0.3597222222222222 0.03671875 0.06666666666666667
1 0.396875 0.2423611111111111 0.025 0.04583333333333333
1 0.477734375 0.275 0.02890625 0.044444444444444446
