1 0.09375 0.2826388888888889 0.0578125 0.08194444444444444
1 0.1546875 0.27847222222222223 0.053125 0.07916666666666666
1 0.282421875 0.08055555555555556 0.03046875 0.058333333333333334
1 0.309375 0.1951388888888889 0.0390625 0.07361111111111111
1 0.373828125 0.09861111111111111 0.03046875 0.06388888888888888
1 0.562109375 0.18194444444444444 0.03046875 0.06388888888888888
1 0.892578125 0.6076388888888888 0.07421875 0.08472222222222223
1 0.90234375 0.4423611111111111 0.053125 0.07916666666666666
0 0.866015625 0.4583333333333333 0.05546875 0.07777777777777778
0 0.196875 0.1638888888888889 0.040625 0.06666666666666667
0 0.223828125 0.14166666666666666 0.03984375 0.06666666666666667
0 0.351171875 0.06388888888888888 0.02578125 0.05
0 0.442578125 0.12430555555555556 0.02578125 0.05416666666666667
0 0.46796875 0.11666666666666667 0.0234375 0.05277777777777778
0 0.488671875 0.13125 0.02890625 0.05694444444444444
