0 0.693359375 0.36875 0.03984375 0.07083333333333333
0 0.11796875 0.052083333333333336 0.040625 0.0625
0 0.24921875 0.1076388888888889 0.0359375 0.0625
0 0.27890625 0.09791666666666667 0.0296875 0.059722222222222225
0 0.307421875 0.10972222222222222 0.03515625 0.06944444444444445
1 0.723046875 0.4909722222222222 0.05234375 0.0875
1 0.71875 0.35 0.0390625 0.06944444444444445
1 0.39765625 0.1597222222222222 0.0328125 0.06944444444444445
1 0.0734375 0.22013888888888888 0.0609375 0.0875
1 0.15546875 0.09166666666666666 0.0453125 0.07222222222222222
1 0.02109375 0.07777777777777778 0.040625 0.07777777777777778
