1 0.40234375 0.3798611111111111 0.0328125 0.059722222222222225
1 0.45546875 0.4263888888888889 0.0359375 0.06111111111111111
1 0.515234375 0.3840277777777778 0.03203125 0.0625
1 0.589453125 0.4326388888888889 0.03671875 0.06805555555555555
1 0.76640625 0.46111111111111114 0.04375 0.06944444444444445
1 0.77734375 0.4173611111111111 0.0453125 0.05694444444444444
0 0.3421875 0.5270833333333333 0.04375 0.07916666666666666
0 0.381640625 0.48194444444444445 0.04609375 0.08055555555555556
0 0.46875 0.33958333333333335 0.0296875 0.05694444444444444
0 0.611328125 0.3861111111111111 0.03203125 0.05555555555555555
0 0.630078125 0.36736111111111114 0.02890625 0.05416666666666667
0 0.658203125 0.38333333333333336 0.03359375 0.06388888888888888
