0 0.13828125 0.8013888888888889 0.09375 0.1388888888888889
0 0.16875 0.6645833333333333 0.0796875 0.10972222222222222
0 0.35078125 0.3819444444444444 0.0390625 0.06666666666666667
0 0.523046875 0.4388888888888889 0.03828125 0.07222222222222222
0 0.55 0.4097222222222222 0.0375 0.075
0 0.59140625 0.4305555555555556 0.0328125 0.075
1 0.25234375 0.4513888888888889 0.0484375 0.07222222222222222
1 0.358203125 0.4673611111111111 0.04453125 0.0763888888888889
1 0.408203125 0.4326388888888889 0.04453125 0.0763888888888889
1 0.531640625 0.5159722222222223 0.04765625 0.0875
1 0.70546875 0.5145833333333333 0.0546875 0.08472222222222223
1 0.730859375 0.4756944444444444 0.05078125 0.07916666666666666
