0 0.42109375 0.3645833333333333 0.0421875 0.0763888888888889
0 0.013671875 0.5868055555555556 0.02578125 0.09861111111111111
0 0.0625 0.4840277777777778 0.075 0.10138888888888889
0 0.12265625 0.3993055555555556 0.0578125 0.08472222222222223
0 0.258984375 0.2611111111111111 0.03984375 0.06666666666666667
0 0.351953125 0.30972222222222223 0.03984375 0.06944444444444445
0 0.390234375 0.30972222222222223 0.03828125 0.07222222222222222
0 0.78515625 0.39444444444444443 0.0421875 0.06388888888888888
0 0.9078125 0.4097222222222222 0.046875 0.06388888888888888
0 0.840625 0.5111111111111111 0.0578125 0.08055555555555556
1 0.247265625 0.39444444444444443 0.05078125 0.08055555555555556
1 0.590625 0.6361111111111111 0.065625 0.10555555555555556
1 0.5734375 0.7229166666666667 0.06875 0.11805555555555555
1 0.57265625 0.8541666666666666 0.0828125 0.16111111111111112
1 0.947265625 0.4666666666666667 0.05234375 0.07222222222222222
