1 0.29609375 0.28680555555555554 0.046875 0.07361111111111111
1 0.384375 0.22291666666666668 0.0390625 0.06805555555555555
1 0.414453125 0.1486111111111111 0.02890625 0.05555555555555555
1 0.48125 0.1625 0.0265625 0.058333333333333334
1 0.72265625 0.2951388888888889 0.0390625 0.06805555555555555
0 0.33046875 0.21041666666666667 0.040625 0.05694444444444444
0 0.33984375 0.24861111111111112 0.040625 0.07222222222222222
0 0.448828125 0.18333333333333332 0.02890625 0.058333333333333334
0 0.516796875 0.16111111111111112 0.02734375 0.058333333333333334
0 0.48046875 0.1284722222222222 0.025 0.034722222222222224
0 0.4875 0.12222222222222222 0.021875 0.041666666666666664
