0 0.149609375 0.175 0.05546875 0.08888888888888889
0 0.165625 0.14444444444444443 0.05 0.08333333333333333
0 0.303125 0.12777777777777777 0.034375 0.06388888888888888
0 0.369140625 0.11805555555555555 0.03203125 0.06111111111111111
0 0.319921875 0.08194444444444444 0.02890625 0.03611111111111111
0 0.329296875 0.07291666666666667 0.02734375 0.0375
0 0.907421875 0.53125 0.05703125 0.08194444444444444
1 0.08125 0.20347222222222222 0.065625 0.09027777777777778
1 0.21484375 0.15763888888888888 0.046875 0.07916666666666666
1 0.2390625 0.09166666666666666 0.0359375 0.06388888888888888
1 0.33203125 0.11805555555555555 0.0328125 0.06666666666666667
1 0.56953125 0.23958333333333334 0.0296875 0.059722222222222225
1 0.967578125 0.6923611111111111 0.06171875 0.10694444444444444
1 0.931640625 0.5152777777777777 0.04765625 0.075
