1 0.77890625 0.42083333333333334 0.0375 0.06666666666666667
1 0.82734375 0.5506944444444445 0.059375 0.08472222222222223
1 0.44375 0.2652777777777778 0.0328125 0.06111111111111111
1 0.019921875 0.2777777777777778 0.03828125 0.09722222222222222
1 0.041015625 0.18819444444444444 0.05078125 0.06805555555555555
1 0.159375 0.18819444444444444 0.0453125 0.05138888888888889
0 0.7625 0.43680555555555556 0.0421875 0.06805555555555555
0 0.16015625 0.21944444444444444 0.0453125 0.06666666666666667
0 0.20234375 0.18611111111111112 0.0390625 0.06666666666666667
0 0.14765625 0.1625 0.0359375 0.044444444444444446
0 0.157421875 0.15069444444444444 0.03671875 0.043055555555555555
