0 0.1703125 0.20833333333333334 0.0359375 0.05555555555555555
0 0.181640625 0.225 0.04140625 0.06388888888888888
0 0.249609375 0.21666666666666667 0.03828125 0.06111111111111111
0 0.284375 0.32222222222222224 0.046875 0.075
0 0.683203125 0.22708333333333333 0.03046875 0.05138888888888889
0 0.733984375 0.23194444444444445 0.02734375 0.05
1 0.78671875 0.27708333333333335 0.034375 0.05694444444444444
1 0.6890625 0.2076388888888889 0.0234375 0.034722222222222224
1 0.72734375 0.21180555555555555 0.028125 0.04583333333333333
1 0.48515625 0.20069444444444445 0.028125 0.05416666666666667
1 0.107421875 0.28680555555555554 0.05078125 0.06805555555555555
1 0.1421875 0.26180555555555557 0.0453125 0.06527777777777778
1 0.224609375 0.24375 0.04140625 0.06805555555555555
