1 0.593359375 0.40625 0.01484375 0.02638888888888889
1 0.56015625 0.3736111111111111 0.0125 0.019444444444444445
1 0.5765625 0.37916666666666665 0.0140625 0.027777777777777776
1 0.433203125 0.3333333333333333 0.01640625 0.027777777777777776
1 0.22109375 0.2972222222222222 0.021875 0.03611111111111111
1 0.289453125 0.30416666666666664 0.02109375 0.03611111111111111
1 0.240625 0.29583333333333334 0.021875 0.03333333333333333
0 0.30234375 0.34652777777777777 0.021875 0.0375
0 0.25234375 0.27361111111111114 0.0171875 0.016666666666666666
0 0.259765625 0.2881944444444444 0.01953125 0.034722222222222224
0 0.299609375 0.3 0.01796875 0.03611111111111111
0 0.4109375 0.3645833333333333 0.0171875 0.034722222222222224
0 0.555078125 0.3798611111111111 0.01328125 0.02638888888888889
0 0.571484375 0.38333333333333336 0.01171875 0.022222222222222223
