0 0.59921875 0.2659722222222222 0.015625 0.029166666666666667
0 0.575390625 0.2638888888888889 0.01640625 0.03333333333333333
1 0.585546875 0.25833333333333336 0.01171875 0.027777777777777776
1 0.60703125 0.2604166666666667 0.0125 0.02638888888888889
1 0.6234375 0.28680555555555554 0.0171875 0.03194444444444444
1 0.4515625 0.23402777777777778 0.015625 0.029166666666666667
1 0.24375 0.23333333333333334 0.0234375 0.03611111111111111
1 0.259765625 0.22847222222222222 0.02109375 0.0375
1 0.306640625 0.22847222222222222 0.01953125 0.03194444444444444
0 0.423046875 0.25555555555555554 0.01796875 0.03333333333333333
0 0.30546875 0.26458333333333334 0.0234375 0.04027777777777778
0 0.26953125 0.20625 0.015625 0.020833333333333332
0 0.278125 0.21805555555555556 0.0203125 0.03333333333333333
0 0.31796875 0.22083333333333333 0.0171875 0.03333333333333333
