0 0.414453125 0.23125 0.01796875 0.03194444444444444
0 0.434765625 0.22847222222222222 0.01640625 0.03194444444444444
0 0.215234375 0.2604166666666667 0.02578125 0.043055555555555555
0 0.0078125 0.2861111111111111 0.0140625 0.04722222222222222
0 0.065234375 0.3229166666666667 0.03828125 0.05138888888888889
0 0.058984375 0.26944444444444443 0.03203125 0.041666666666666664
1 0.46171875 0.24444444444444444 0.0171875 0.03333333333333333
1 0.4171875 0.22083333333333333 0.015625 0.025
1 0.440234375 0.22083333333333333 0.01640625 0.027777777777777776
1 0.2546875 0.23402777777777778 0.021875 0.0375
1 0.0421875 0.2833333333333333 0.0359375 0.044444444444444446
