1 0.46953125 0.5604166666666667 0.0640625 0.10138888888888889
1 0.460546875 0.6534722222222222 0.06953125 0.11527777777777778
1 0.46875 0.7743055555555556 0.08125 0.1486111111111111
1 0.746875 0.32708333333333334 0.0359375 0.059722222222222225
1 0.816796875 0.38819444444444445 0.04296875 0.0625
1 0.02578125 0.4152777777777778 0.05 0.10277777777777777
0 0.019140625 0.24305555555555555 0.03671875 0.08611111111111111
0 0.149609375 0.27708333333333335 0.05546875 0.08472222222222223
0 0.202734375 0.26805555555555555 0.05234375 0.08055555555555556
0 0.2484375 0.3263888888888889 0.0578125 0.09166666666666666
0 0.623046875 0.2923611111111111 0.03359375 0.059722222222222225
0 0.671484375 0.38472222222222224 0.04140625 0.07222222222222222
0 0.71640625 0.28680555555555554 0.034375 0.05694444444444444
0 0.856640625 0.5715277777777777 0.06171875 0.0875
