1 0.598046875 0.25 0.01953125 0.03611111111111111
1 0.552734375 0.2263888888888889 0.01484375 0.03333333333333333
1 0.577734375 0.22291666666666668 0.01484375 0.03194444444444444
0 0.54296875 0.2326388888888889 0.01875 0.034722222222222224
0 0.5703125 0.23055555555555557 0.0171875 0.030555555555555555
0 0.3578125 0.24583333333333332 0.021875 0.03888888888888889
0 0.18046875 0.23819444444444443 0.021875 0.0375
0 0.187890625 0.24166666666666667 0.02578125 0.03611111111111111
0 0.235546875 0.23958333333333334 0.02265625 0.04027777777777778
0 0.234765625 0.2951388888888889 0.03046875 0.04583333333333333
1 0.144921875 0.2708333333333333 0.02421875 0.041666666666666664
1 0.1640625 0.2611111111111111 0.0265625 0.041666666666666664
1 0.221484375 0.25 0.02578125 0.03888888888888889
1 0.3984375 0.22291666666666668 0.01875 0.034722222222222224
