1 0.690234375 0.23055555555555557 0.02109375 0.041666666666666664
1 0.64140625 0.20416666666666666 0.0140625 0.03611111111111111
1 0.667578125 0.19930555555555557 0.01640625 0.034722222222222224
1 0.483203125 0.2125 0.01796875 0.03333333333333333
1 0.259375 0.26875 0.025 0.0375
1 0.276953125 0.25833333333333336 0.02265625 0.03611111111111111
1 0.325 0.24791666666666667 0.021875 0.04027777777777778
0 0.31875 0.28888888888888886 0.025 0.044444444444444446
0 0.290625 0.23194444444444445 0.015625 0.027777777777777776
0 0.2984375 0.2423611111111111 0.0203125 0.034722222222222224
0 0.337890625 0.2361111111111111 0.01953125 0.03611111111111111
0 0.453125 0.24305555555555555 0.021875 0.041666666666666664
0 0.6328125 0.21319444444444444 0.01875 0.034722222222222224
0 0.65859375 0.20972222222222223 0.0203125 0.03611111111111111
