0 0.425 0.2881944444444444 0.021875 0.04027777777777778
0 0.39296875 0.2375 0.015625 0.027777777777777776
0 0.398828125 0.24305555555555555 0.01796875 0.030555555555555555
0 0.433984375 0.24027777777777778 0.01640625 0.03611111111111111
0 0.544921875 0.25555555555555554 0.01953125 0.03611111111111111
0 0.728125 0.24027777777777778 0.021875 0.041666666666666664
0 0.76015625 0.2388888888888889 0.0203125 0.03888888888888889
1 0.79609375 0.2625 0.0265625 0.041666666666666664
1 0.740625 0.2326388888888889 0.015625 0.034722222222222224
1 0.76953125 0.22847222222222222 0.0171875 0.034722222222222224
1 0.57109375 0.22916666666666666 0.0171875 0.03333333333333333
1 0.36640625 0.26458333333333334 0.0171875 0.034722222222222224
1 0.38125 0.2569444444444444 0.01875 0.03333333333333333
1 0.42265625 0.24861111111111112 0.01875 0.03333333333333333
