1 0.0578125 0.2673611111111111 0.0328125 0.043055555555555555
1 0.58828125 0.23055555555555557 0.015625 0.025
1 0.596484375 0.24930555555555556 0.01640625 0.03194444444444444
1 0.666015625 0.28958333333333336 0.02265625 0.04027777777777778
1 0.752734375 0.29097222222222224 0.02109375 0.0375
1 0.74375 0.2520833333333333 0.015625 0.02638888888888889
1 0.77109375 0.27152777777777776 0.015625 0.029166666666666667
1 0.7765625 0.30972222222222223 0.025 0.03888888888888889
0 0.753125 0.2652777777777778 0.0171875 0.019444444444444445
0 0.71796875 0.28958333333333336 0.021875 0.034722222222222224
0 0.54453125 0.24444444444444444 0.0171875 0.03333333333333333
0 0.566015625 0.24930555555555556 0.01796875 0.03194444444444444
0 0.6203125 0.26875 0.01875 0.034722222222222224
0 0.43515625 0.21805555555555556 0.015625 0.027777777777777776
0 0.42734375 0.27291666666666664 0.021875 0.04027777777777778
