0 0.31015625 0.1701388888888889 0.01875 0.03194444444444444
0 0.342578125 0.25069444444444444 0.02890625 0.04583333333333333
0 0.4609375 0.19652777777777777 0.021875 0.04027777777777778
0 0.466796875 0.18125 0.01953125 0.034722222222222224
0 0.6203125 0.19583333333333333 0.021875 0.041666666666666664
0 0.647265625 0.15208333333333332 0.01796875 0.029166666666666667
0 0.651171875 0.17291666666666666 0.01640625 0.034722222222222224
1 0.48125 0.15486111111111112 0.0171875 0.029166666666666667
1 0.473828125 0.17083333333333334 0.01640625 0.030555555555555555
1 0.571484375 0.2125 0.02421875 0.04722222222222222
1 0.633203125 0.14930555555555555 0.01484375 0.029166666666666667
1 0.63984375 0.1909722222222222 0.01875 0.04027777777777778
1 0.662109375 0.16666666666666666 0.01484375 0.03333333333333333
1 0.681640625 0.21944444444444444 0.02734375 0.04722222222222222
