1 0.464453125 0.20347222222222222 0.02578125 0.04861111111111111
1 0.590625 0.23472222222222222 0.025 0.05
1 0.55390625 0.18194444444444444 0.01875 0.03888888888888889
1 0.58828125 0.16041666666666668 0.01875 0.0375
1 0.39453125 0.13819444444444445 0.01875 0.0375
1 0.406640625 0.11736111111111111 0.01640625 0.034722222222222224
0 0.21953125 0.11388888888888889 0.0203125 0.03611111111111111
0 0.2375 0.18958333333333333 0.028125 0.04583333333333333
0 0.36875 0.18472222222222223 0.0234375 0.044444444444444446
0 0.383203125 0.15138888888888888 0.02265625 0.03888888888888889
0 0.530859375 0.1951388888888889 0.02265625 0.043055555555555555
0 0.5703125 0.16111111111111112 0.0171875 0.03611111111111111
0 0.57734375 0.13402777777777777 0.015625 0.02361111111111111
