0 0.73125 0.21805555555555556 0.028125 0.05277777777777778
0 0.786328125 0.18680555555555556 0.02421875 0.04027777777777778
0 0.7921875 0.15694444444444444 0.025 0.027777777777777776
0 0.45234375 0.12916666666666668 0.015625 0.030555555555555555
0 0.481640625 0.18611111111111112 0.02109375 0.03888888888888889
0 0.558203125 0.20208333333333334 0.02265625 0.043055555555555555
0 0.578515625 0.1638888888888889 0.01796875 0.03611111111111111
1 0.593359375 0.15555555555555556 0.01640625 0.03611111111111111
1 0.609375 0.13541666666666666 0.015625 0.034722222222222224
1 0.671875 0.21875 0.028125 0.04861111111111111
1 0.780078125 0.2569444444444444 0.03359375 0.05555555555555555
1 0.748046875 0.2048611111111111 0.02109375 0.043055555555555555
1 0.809765625 0.18472222222222223 0.02265625 0.041666666666666664
1 0.801953125 0.15069444444444444 0.01484375 0.02638888888888889
1 0.143359375 0.21041666666666667 0.02109375 0.0375
