0 0.35078125 0.1909722222222222 0.0171875 0.02638888888888889
0 0.378515625 0.24305555555555555 0.02265625 0.03611111111111111
0 0.444921875 0.2465277777777778 0.02109375 0.04027777777777778
0 0.481640625 0.21805555555555556 0.01953125 0.03333333333333333
0 0.6671875 0.20069444444444445 0.01875 0.02361111111111111
0 0.663671875 0.22569444444444445 0.01796875 0.034722222222222224
0 0.618359375 0.25763888888888886 0.02421875 0.043055555555555555
1 0.674609375 0.2923611111111111 0.02890625 0.04861111111111111
1 0.5625 0.27152777777777776 0.0234375 0.043055555555555555
1 0.6390625 0.2465277777777778 0.0171875 0.0375
1 0.6734375 0.19236111111111112 0.0140625 0.020833333333333332
1 0.68203125 0.22361111111111112 0.0171875 0.03611111111111111
1 0.50625 0.19236111111111112 0.015625 0.029166666666666667
1 0.491796875 0.20972222222222223 0.01484375 0.030555555555555555
