1 0.5984375 0.3736111111111111 0.0296875 0.05277777777777778
1 0.47734375 0.3527777777777778 0.0265625 0.04722222222222222
1 0.54609375 0.3229166666666667 0.0203125 0.043055555555555555
1 0.580859375 0.2590277777777778 0.01484375 0.02361111111111111
1 0.593359375 0.28888888888888886 0.01953125 0.03888888888888889
1 0.387890625 0.29305555555555557 0.01953125 0.03611111111111111
1 0.403515625 0.2673611111111111 0.01796875 0.03194444444444444
0 0.53359375 0.3388888888888889 0.0265625 0.04722222222222222
0 0.576171875 0.2951388888888889 0.01953125 0.0375
0 0.576171875 0.2652777777777778 0.01640625 0.027777777777777776
0 0.232421875 0.3715277777777778 0.03203125 0.04861111111111111
0 0.33359375 0.35347222222222224 0.028125 0.04583333333333333
0 0.3734375 0.3076388888888889 0.021875 0.04027777777777778
0 0.212890625 0.28402777777777777 0.02265625 0.03194444444444444
