0 0.405078125 0.23472222222222222 0.02734375 0.05
0 0.43359375 0.15208333333333332 0.0203125 0.03194444444444444
0 0.437890625 0.17777777777777778 0.01953125 0.03888888888888889
0 0.198046875 0.3173611111111111 0.03359375 0.04861111111111111
0 0.223828125 0.2625 0.02890625 0.044444444444444446
0 0.011328125 0.32013888888888886 0.02109375 0.04861111111111111
0 0.08203125 0.38333333333333336 0.0421875 0.05
1 0.244140625 0.21388888888888888 0.02265625 0.03611111111111111
1 0.233984375 0.24513888888888888 0.02421875 0.043055555555555555
1 0.351171875 0.28125 0.03046875 0.05416666666666667
1 0.41328125 0.21597222222222223 0.0203125 0.04027777777777778
1 0.46484375 0.24375 0.028125 0.04861111111111111
1 0.4546875 0.16875 0.0203125 0.04027777777777778
1 0.437109375 0.1361111111111111 0.01640625 0.016666666666666666
