0 0.775390625 0.42986111111111114 0.05078125 0.07916666666666666
0 0.7171875 0.35208333333333336 0.0375 0.06527777777777778
0 0.7546875 0.36319444444444443 0.04375 0.06527777777777778
0 0.648828125 0.28680555555555554 0.03046875 0.05416666666666667
0 0.458203125 0.4048611111111111 0.03671875 0.06805555555555555
0 0.50390625 0.3763888888888889 0.0375 0.06666666666666667
0 0.543359375 0.34305555555555556 0.03046875 0.058333333333333334
1 0.617578125 0.3798611111111111 0.03671875 0.06527777777777778
1 0.808984375 0.96875 0.10390625 0.0625
1 0.92109375 0.8694444444444445 0.1109375 0.16666666666666666
1 0.8625 0.9215277777777777 0.1109375 0.15694444444444444
0 0.244140625 0.28958333333333336 0.02734375 0.04027777777777778
1 0.177734375 0.31875 0.02890625 0.04027777777777778
