1 0.45625 0.14583333333333334 0.0171875 0.03333333333333333
1 0.441015625 0.16319444444444445 0.01640625 0.034722222222222224
1 0.51640625 0.24027777777777778 0.0234375 0.044444444444444446
1 0.58125 0.23472222222222222 0.015625 0.041666666666666664
1 0.61484375 0.28680555555555554 0.0265625 0.04583333333333333
1 0.623828125 0.18680555555555556 0.01015625 0.02361111111111111
1 0.63046875 0.22013888888888888 0.01875 0.0375
0 0.28359375 0.10833333333333334 0.01875 0.030555555555555555
0 0.30390625 0.18333333333333332 0.0265625 0.044444444444444446
0 0.393359375 0.19722222222222222 0.02265625 0.03888888888888889
0 0.42734375 0.17083333333333334 0.01875 0.03611111111111111
0 0.567578125 0.2423611111111111 0.02265625 0.04027777777777778
0 0.612890625 0.22013888888888888 0.01953125 0.0375
0 0.6171875 0.19166666666666668 0.0171875 0.022222222222222223
