0 0.4625 0.2076388888888889 0.01875 0.0375
0 0.589453125 0.28680555555555554 0.02265625 0.043055555555555555
0 0.636328125 0.26875 0.01796875 0.03194444444444444
0 0.642578125 0.24375 0.01796875 0.02361111111111111
0 0.33515625 0.14097222222222222 0.015625 0.029166666666666667
0 0.357421875 0.2152777777777778 0.02265625 0.041666666666666664
0 0.428515625 0.23541666666666666 0.02265625 0.0375
1 0.654296875 0.27152777777777776 0.01796875 0.034722222222222224
1 0.53203125 0.28680555555555554 0.0234375 0.043055555555555555
1 0.60390625 0.2791666666666667 0.0171875 0.03888888888888889
1 0.625 0.3277777777777778 0.0265625 0.044444444444444446
1 0.47578125 0.20416666666666666 0.0140625 0.03333333333333333
1 0.49140625 0.19027777777777777 0.015625 0.027777777777777776
