1 0.53046875 0.2972222222222222 0.0265625 0.04722222222222222
1 0.422265625 0.2777777777777778 0.02890625 0.04722222222222222
1 0.495703125 0.24930555555555556 0.01953125 0.043055555555555555
1 0.543359375 0.22291666666666668 0.01796875 0.0375
1 0.5359375 0.19027777777777777 0.0109375 0.025
1 0.354296875 0.1763888888888889 0.02109375 0.03611111111111111
1 0.33828125 0.2 0.0203125 0.03888888888888889
0 0.148828125 0.17291666666666666 0.02421875 0.0375
0 0.185546875 0.25763888888888886 0.03359375 0.04583333333333333
0 0.29453125 0.2520833333333333 0.0296875 0.04861111111111111
0 0.323828125 0.21041666666666667 0.02421875 0.04027777777777778
0 0.4828125 0.2611111111111111 0.025 0.04722222222222222
0 0.5265625 0.19444444444444445 0.0171875 0.025
0 0.52578125 0.22569444444444445 0.01875 0.034722222222222224
