0 0.23203125 0.36527777777777776 0.0375 0.058333333333333334
0 0.186328125 0.22083333333333333 0.02265625 0.044444444444444446
0 0.276171875 0.23402777777777778 0.02265625 0.0375
0 0.2734375 0.3368055555555556 0.028125 0.05138888888888889
0 0.339453125 0.2611111111111111 0.01953125 0.03611111111111111
0 0.33125 0.3298611111111111 0.0296875 0.03194444444444444
0 0.456640625 0.3902777777777778 0.02421875 0.041666666666666664
1 0.302734375 0.34652777777777777 0.02578125 0.04583333333333333
1 0.330078125 0.3611111111111111 0.02890625 0.05
1 0.3296875 0.30972222222222223 0.0265625 0.027777777777777776
1 0.382421875 0.2861111111111111 0.01953125 0.03611111111111111
1 0.395703125 0.2659722222222222 0.01484375 0.029166666666666667
1 0.414453125 0.27361111111111114 0.01484375 0.030555555555555555
1 0.490625 0.2965277777777778 0.015625 0.02638888888888889
