1 0.33515625 0.09444444444444444 0.0265625 0.041666666666666664
1 0.323828125 0.14166666666666666 0.02890625 0.05555555555555555
1 0.3484375 0.15 0.03125 0.058333333333333334
1 0.42421875 0.07291666666666667 0.021875 0.043055555555555555
1 0.45234375 0.04375 0.01875 0.0375
1 0.473828125 0.04375 0.01640625 0.0375
1 0.566015625 0.05347222222222222 0.01796875 0.03194444444444444
0 0.4828125 0.16180555555555556 0.0265625 0.05138888888888889
0 0.29609375 0.13333333333333333 0.028125 0.058333333333333334
0 0.3171875 0.034722222222222224 0.025 0.041666666666666664
0 0.396875 0.05416666666666667 0.021875 0.044444444444444446
0 0.35234375 0.11805555555555555 0.03125 0.03888888888888889
0 0.24375 0.044444444444444446 0.0234375 0.041666666666666664
0 0.236328125 0.16944444444444445 0.03515625 0.06111111111111111
