0 0.130859375 0.18541666666666667 0.04140625 0.05694444444444444
0 0.189453125 0.06041666666666667 0.02578125 0.04583333333333333
0 0.20234375 0.14930555555555555 0.0296875 0.05416666666666667
0 0.27421875 0.05486111111111111 0.0234375 0.04027777777777778
0 0.2578125 0.14166666666666666 0.034375 0.05
0 0.336328125 0.07291666666666667 0.02265625 0.04583333333333333
0 0.412890625 0.18125 0.03046875 0.05694444444444444
1 0.22578125 0.15347222222222223 0.0265625 0.04861111111111111
1 0.2484375 0.1673611111111111 0.034375 0.05694444444444444
1 0.37734375 0.08819444444444445 0.021875 0.043055555555555555
1 0.4078125 0.059722222222222225 0.01875 0.03611111111111111
1 0.430078125 0.06388888888888888 0.01796875 0.03888888888888889
1 0.529296875 0.075 0.01640625 0.03333333333333333
