1 0.119921875 0.14097222222222222 0.02890625 0.05138888888888889
1 0.13984375 0.15763888888888888 0.0375 0.05694444444444444
1 0.186328125 0.11805555555555555 0.03046875 0.05277777777777778
1 0.302734375 0.09791666666666667 0.02578125 0.04027777777777778
1 0.35546875 0.08402777777777778 0.0203125 0.04027777777777778
1 0.378125 0.08888888888888889 0.0203125 0.03888888888888889
1 0.481640625 0.12013888888888889 0.01953125 0.0375
0 0.029296875 0.16041666666666668 0.04609375 0.06527777777777778
0 0.128515625 0.04652777777777778 0.02890625 0.043055555555555555
0 0.097265625 0.13402777777777777 0.02734375 0.05138888888888889
0 0.158203125 0.1361111111111111 0.03515625 0.05277777777777778
0 0.225 0.058333333333333334 0.0234375 0.03611111111111111
0 0.27109375 0.08194444444444444 0.0234375 0.044444444444444446
0 0.290625 0.18611111111111112 0.034375 0.05555555555555555
