0 0.135546875 0.10347222222222222 0.03359375 0.05416666666666667
0 0.251171875 0.025 0.02109375 0.03888888888888889
0 0.202734375 0.08611111111111111 0.01953125 0.041666666666666664
0 0.246484375 0.09166666666666666 0.02734375 0.05
0 0.3265625 0.034722222222222224 0.0203125 0.03611111111111111
0 0.343359375 0.14305555555555555 0.03046875 0.05277777777777778
0 0.36015625 0.05347222222222222 0.0203125 0.04027777777777778
1 0.215625 0.09027777777777778 0.021875 0.03611111111111111
1 0.226953125 0.10625 0.02734375 0.04861111111111111
1 0.26640625 0.07361111111111111 0.025 0.044444444444444446
1 0.38046875 0.07083333333333333 0.0203125 0.03888888888888889
1 0.434765625 0.059027777777777776 0.01484375 0.03194444444444444
1 0.4546875 0.06319444444444444 0.0140625 0.034722222222222224
1 0.552734375 0.09444444444444444 0.01640625 0.03611111111111111
