1 0.09140625 0.25277777777777777 0.040625 0.058333333333333334
1 0.112890625 0.27569444444444446 0.05234375 0.0763888888888889
1 0.167578125 0.1951388888888889 0.04140625 0.059722222222222225
1 0.3140625 0.16944444444444445 0.028125 0.05555555555555555
1 0.37734375 0.13541666666666666 0.021875 0.043055555555555555
1 0.403515625 0.14027777777777778 0.02109375 0.044444444444444446
1 0.519921875 0.1673611111111111 0.01953125 0.04027777777777778
0 0.319140625 0.3076388888888889 0.04296875 0.07083333333333333
0 0.11875 0.1111111111111111 0.03125 0.05
0 0.064453125 0.24027777777777778 0.03984375 0.06944444444444445
0 0.139453125 0.24027777777777778 0.04765625 0.06666666666666667
0 0.22578125 0.1125 0.028125 0.04722222222222222
0 0.28203125 0.14166666666666666 0.0296875 0.05555555555555555
