1 0.22265625 0.3923611111111111 0.046875 0.06805555555555555
1 0.32890625 0.3284722222222222 0.03125 0.05138888888888889
1 0.506640625 0.2826388888888889 0.01953125 0.0375
1 0.526171875 0.2902777777777778 0.01953125 0.03888888888888889
1 0.570703125 0.30625 0.01953125 0.034722222222222224
1 0.64140625 0.32708333333333334 0.0203125 0.0375
1 0.741796875 0.41458333333333336 0.02734375 0.043055555555555555
0 0.132421875 0.32916666666666666 0.04140625 0.06111111111111111
0 0.173046875 0.34444444444444444 0.04453125 0.05
0 0.1796875 0.38333333333333336 0.040625 0.06666666666666667
0 0.25625 0.3715277777777778 0.040625 0.06805555555555555
0 0.28359375 0.23194444444444445 0.025 0.041666666666666664
0 0.37421875 0.24722222222222223 0.021875 0.041666666666666664
0 0.42734375 0.28125 0.021875 0.043055555555555555
