0 0.20390625 0.11944444444444445 0.025 0.044444444444444446
0 0.223828125 0.14305555555555555 0.03046875 0.05
0 0.234765625 0.1284722222222222 0.02734375 0.04861111111111111
0 0.28984375 0.13819444444444445 0.0265625 0.04861111111111111
0 0.305859375 0.08055555555555556 0.02109375 0.03333333333333333
0 0.376953125 0.08958333333333333 0.01796875 0.034722222222222224
0 0.41796875 0.10694444444444444 0.0203125 0.03611111111111111
1 0.2703125 0.14791666666666667 0.028125 0.04861111111111111
1 0.340234375 0.12569444444444444 0.02421875 0.043055555555555555
1 0.4859375 0.11041666666666666 0.015625 0.03194444444444444
1 0.502734375 0.11597222222222223 0.01640625 0.034722222222222224
1 0.5359375 0.12569444444444444 0.0171875 0.03194444444444444
1 0.601171875 0.14097222222222222 0.01640625 0.03194444444444444
1 0.673828125 0.18680555555555556 0.02109375 0.04027777777777778
