0 0.299609375 0.17152777777777778 0.02265625 0.043055555555555555
0 0.31640625 0.19583333333333333 0.025 0.044444444444444446
0 0.323046875 0.18125 0.02421875 0.043055555555555555
0 0.372265625 0.19583333333333333 0.02265625 0.04722222222222222
0 0.387890625 0.13680555555555557 0.01796875 0.029166666666666667
0 0.45078125 0.14930555555555555 0.0171875 0.03194444444444444
0 0.4890625 0.16805555555555557 0.01875 0.03333333333333333
1 0.354296875 0.2 0.02421875 0.041666666666666664
1 0.417578125 0.18263888888888888 0.02109375 0.0375
1 0.55234375 0.17222222222222222 0.015625 0.027777777777777776
1 0.568359375 0.17708333333333334 0.01640625 0.03194444444444444
1 0.6015625 0.18819444444444444 0.0171875 0.03194444444444444
1 0.66640625 0.20555555555555555 0.0171875 0.030555555555555555
1 0.741015625 0.25763888888888886 0.02265625 0.04027777777777778
