1 0.698828125 0.3333333333333333 0.03984375 0.06944444444444445
1 0.791796875 0.2611111111111111 0.03359375 0.05555555555555555
1 0.53359375 0.1638888888888889 0.01875 0.03888888888888889
1 0.554296875 0.16805555555555557 0.02109375 0.044444444444444446
1 0.597265625 0.17847222222222223 0.02109375 0.04027777777777778
1 0.24765625 0.27291666666666664 0.0390625 0.05694444444444444
1 0.345703125 0.21944444444444444 0.02734375 0.04722222222222222
0 0.191015625 0.2375 0.02890625 0.05555555555555555
0 0.21328125 0.24861111111111112 0.0328125 0.05555555555555555
0 0.276171875 0.25625 0.03359375 0.05694444444444444
0 0.331640625 0.15347222222222223 0.02109375 0.0375
0 0.40859375 0.1527777777777778 0.0203125 0.03888888888888889
0 0.45 0.1736111111111111 0.0234375 0.04722222222222222
