0 0.159375 0.3909722222222222 0.0390625 0.05416666666666667
0 0.201953125 0.3958333333333333 0.03828125 0.06111111111111111
0 0.28203125 0.3819444444444444 0.034375 0.05277777777777778
0 0.250390625 0.28055555555555556 0.02421875 0.03888888888888889
0 0.3375 0.2673611111111111 0.0203125 0.0375
0 0.394140625 0.28125 0.02109375 0.0375
1 0.266015625 0.4027777777777778 0.03671875 0.06111111111111111
1 0.328125 0.3388888888888889 0.03125 0.05
1 0.459375 0.2611111111111111 0.0171875 0.03333333333333333
1 0.478125 0.26319444444444445 0.0171875 0.03194444444444444
1 0.5140625 0.2673611111111111 0.0171875 0.03194444444444444
1 0.644921875 0.35694444444444445 0.02578125 0.04722222222222222
1 0.6640625 0.2972222222222222 0.01875 0.03888888888888889
