1 0.228515625 0.2625 0.03671875 0.058333333333333334
1 0.28359375 0.20555555555555555 0.0265625 0.05
1 0.410546875 0.13125 0.01640625 0.034722222222222224
1 0.4296875 0.13055555555555556 0.0171875 0.03611111111111111
1 0.465625 0.1326388888888889 0.0171875 0.034722222222222224
1 0.584765625 0.20694444444444443 0.02265625 0.044444444444444446
1 0.609375 0.15833333333333333 0.0171875 0.03333333333333333
0 0.12578125 0.2569444444444444 0.0390625 0.05555555555555555
0 0.166015625 0.2590277777777778 0.03671875 0.05138888888888889
0 0.2421875 0.24305555555555555 0.034375 0.05
0 0.202734375 0.16041666666666668 0.02421875 0.04027777777777778
0 0.287890625 0.14097222222222222 0.02109375 0.034722222222222224
0 0.3453125 0.15069444444444444 0.021875 0.043055555555555555
