0 0.2640625 0.22777777777777777 0.0265625 0.044444444444444446
0 0.290234375 0.23680555555555555 0.02578125 0.043055555555555555
0 0.340234375 0.17847222222222223 0.01796875 0.029166666666666667
0 0.347265625 0.24583333333333332 0.02265625 0.041666666666666664
0 0.406640625 0.18680555555555556 0.01796875 0.03194444444444444
0 0.448828125 0.20555555555555555 0.01796875 0.03333333333333333
1 0.33125 0.2534722222222222 0.0265625 0.04583333333333333
1 0.3859375 0.22777777777777777 0.021875 0.03888888888888889
1 0.50703125 0.20347222222222222 0.015625 0.029166666666666667
1 0.5234375 0.2076388888888889 0.0140625 0.029166666666666667
1 0.555078125 0.21875 0.01640625 0.029166666666666667
1 0.641796875 0.30625 0.02265625 0.043055555555555555
1 0.68515625 0.27291666666666664 0.0203125 0.034722222222222224
