1 0.28984375 0.33194444444444443 0.0265625 0.041666666666666664
1 0.346875 0.2951388888888889 0.021875 0.0375
1 0.46796875 0.2520833333333333 0.015625 0.03194444444444444
1 0.48359375 0.25277777777777777 0.015625 0.030555555555555555
1 0.515625 0.25763888888888886 0.015625 0.029166666666666667
1 0.600390625 0.3263888888888889 0.02265625 0.03888888888888889
1 0.6421875 0.2881944444444444 0.0171875 0.03194444444444444
0 0.2203125 0.31666666666666665 0.028125 0.044444444444444446
0 0.24765625 0.32083333333333336 0.025 0.041666666666666664
0 0.300390625 0.25625 0.01796875 0.03194444444444444
0 0.304296875 0.3194444444444444 0.02578125 0.03888888888888889
0 0.3671875 0.2513888888888889 0.0171875 0.030555555555555555
0 0.409375 0.26180555555555557 0.0171875 0.03194444444444444
