0 0.170703125 0.31666666666666665 0.03984375 0.05277777777777778
0 0.215625 0.32222222222222224 0.034375 0.05277777777777778
0 0.22265625 0.24097222222222223 0.025 0.0375
0 0.28984375 0.3145833333333333 0.028125 0.04583333333333333
0 0.305078125 0.23402777777777778 0.02109375 0.034722222222222224
0 0.36328125 0.24791666666666667 0.0203125 0.034722222222222224
1 0.281640625 0.3284722222222222 0.03203125 0.04861111111111111
1 0.31796875 0.28680555555555554 0.0265625 0.04583333333333333
1 0.41875 0.23680555555555555 0.015625 0.029166666666666667
1 0.435546875 0.23680555555555555 0.01484375 0.03194444444444444
1 0.468359375 0.24305555555555555 0.01640625 0.030555555555555555
1 0.584765625 0.30625 0.02109375 0.0375
1 0.59453125 0.2708333333333333 0.0140625 0.027777777777777776
