0 0.715625 0.4340277777777778 0.0453125 0.07916666666666666
0 0.7109375 0.3819444444444444 0.040625 0.05277777777777778
0 0.744921875 0.41597222222222224 0.04140625 0.07361111111111111
0 0.78046875 0.3013888888888889 0.034375 0.05555555555555555
0 0.7453125 0.2520833333333333 0.028125 0.04583333333333333
0 0.276171875 0.44305555555555554 0.04765625 0.07222222222222222
0 0.2421875 0.30625 0.0359375 0.05416666666666667
0 0.334375 0.30972222222222223 0.03125 0.05555555555555555
0 0.53203125 0.26458333333333334 0.0265625 0.05138888888888889
0 0.35390625 0.23402777777777778 0.025 0.04027777777777778
