0 0.5203125 0.22916666666666666 0.0265625 0.05277777777777778
0 0.719921875 0.39861111111111114 0.04921875 0.08055555555555556
0 0.712109375 0.3423611111111111 0.04140625 0.059722222222222225
0 0.748046875 0.37569444444444444 0.04453125 0.07916666666666666
0 0.738671875 0.19652777777777777 0.02578125 0.04583333333333333
0 0.778125 0.24930555555555556 0.0359375 0.05694444444444444
0 0.21484375 0.30486111111111114 0.0359375 0.05694444444444444
0 0.256640625 0.4513888888888889 0.05078125 0.07777777777777778
0 0.3125 0.2965277777777778 0.034375 0.05694444444444444
0 0.3296875 0.21319444444444444 0.025 0.043055555555555555
