0 0.35234375 0.31666666666666665 0.0359375 0.06111111111111111
0 0.472265625 0.2708333333333333 0.03046875 0.06666666666666667
0 0.36796875 0.22152777777777777 0.028125 0.05138888888888889
0 0.259375 0.26944444444444443 0.0328125 0.05
0 0.279296875 0.22916666666666666 0.02890625 0.044444444444444446
0 0.342578125 0.16666666666666666 0.02109375 0.03333333333333333
0 0.32890625 0.16111111111111112 0.0140625 0.03611111111111111
0 0.46640625 0.15208333333333332 0.0234375 0.0375
0 0.5265625 0.16111111111111112 0.021875 0.030555555555555555
0 0.71328125 0.16666666666666666 0.01875 0.03888888888888889
