0 0.46484375 0.43819444444444444 0.028125 0.04583333333333333
0 0.395703125 0.4027777777777778 0.02578125 0.041666666666666664
0 0.412109375 0.3763888888888889 0.02421875 0.03888888888888889
0 0.4625 0.3333333333333333 0.01875 0.027777777777777776
0 0.453515625 0.32916666666666666 0.01328125 0.027777777777777776
0 0.48125 0.37083333333333335 0.01875 0.03611111111111111
0 0.56796875 0.40902777777777777 0.025 0.04861111111111111
0 0.5671875 0.3194444444444444 0.01875 0.03333333333333333
0 0.621484375 0.3215277777777778 0.01953125 0.018055555555555554
0 0.8125 0.3236111111111111 0.0203125 0.03333333333333333
