0 0.435546875 0.4284722222222222 0.03046875 0.05416666666666667
0 0.54296875 0.42291666666666666 0.0328125 0.05694444444444444
0 0.6359375 0.36041666666666666 0.0234375 0.04861111111111111
0 0.626171875 0.3284722222222222 0.02109375 0.0375
0 0.610546875 0.31180555555555556 0.01796875 0.0375
0 0.683203125 0.3145833333333333 0.02265625 0.02638888888888889
0 0.678125 0.33611111111111114 0.0234375 0.030555555555555555
0 0.947265625 0.49722222222222223 0.04296875 0.06666666666666667
0 0.8765625 0.5965277777777778 0.05625 0.08472222222222223
0 0.920703125 0.4236111111111111 0.03984375 0.03333333333333333
