0 0.301171875 0.46875 0.03671875 0.06527777777777778
0 0.387890625 0.4583333333333333 0.03203125 0.06111111111111111
0 0.475 0.37777777777777777 0.0234375 0.03888888888888889
0 0.462890625 0.3506944444444444 0.01953125 0.03194444444444444
0 0.442578125 0.33819444444444446 0.02109375 0.029166666666666667
0 0.509765625 0.33819444444444446 0.02109375 0.0375
0 0.53671875 0.3659722222222222 0.0203125 0.03194444444444444
0 0.691015625 0.3701388888888889 0.02421875 0.02638888888888889
0 0.71328125 0.4173611111111111 0.0265625 0.04583333333333333
0 0.6828125 0.5041666666666667 0.0390625 0.06666666666666667
