0 0.278515625 0.45555555555555555 0.04296875 0.058333333333333334
0 0.37734375 0.4354166666666667 0.0328125 0.06805555555555555
0 0.467578125 0.3527777777777778 0.02265625 0.041666666666666664
0 0.455078125 0.3229166666666667 0.01953125 0.04027777777777778
0 0.43515625 0.3055555555555556 0.021875 0.027777777777777776
0 0.504296875 0.30694444444444446 0.02265625 0.041666666666666664
0 0.538671875 0.33541666666666664 0.02265625 0.04027777777777778
0 0.684375 0.4861111111111111 0.0421875 0.06666666666666667
0 0.71640625 0.3909722222222222 0.0265625 0.04583333333333333
0 0.6921875 0.33958333333333335 0.025 0.020833333333333332
