0 0.852734375 0.24861111111111112 0.02890625 0.044444444444444446
0 0.819921875 0.28125 0.03515625 0.05694444444444444
0 0.76796875 0.2986111111111111 0.040625 0.06111111111111111
0 0.7796875 0.22083333333333333 0.0265625 0.03888888888888889
0 0.631640625 0.2951388888888889 0.03203125 0.05138888888888889
0 0.591796875 0.2701388888888889 0.02265625 0.043055555555555555
0 0.6 0.2388888888888889 0.0171875 0.03888888888888889
0 0.542578125 0.24722222222222223 0.01953125 0.03888888888888889
0 0.436328125 0.275 0.02421875 0.044444444444444446
0 0.38515625 0.2722222222222222 0.0203125 0.03888888888888889
