0 0.81171875 0.4395833333333333 0.04375 0.06805555555555555
0 0.83046875 0.39375 0.0328125 0.05416666666666667
0 0.86484375 0.3645833333333333 0.0296875 0.04861111111111111
0 0.79296875 0.3229166666666667 0.028125 0.034722222222222224
0 0.630859375 0.3861111111111111 0.02734375 0.05
0 0.60703125 0.35347222222222224 0.021875 0.0375
0 0.59140625 0.3229166666666667 0.01875 0.03194444444444444
0 0.559765625 0.325 0.02109375 0.03611111111111111
0 0.45703125 0.33958333333333335 0.025 0.043055555555555555
0 0.41015625 0.32916666666666666 0.01875 0.030555555555555555
