0 0.341796875 0.2861111111111111 0.02109375 0.03333333333333333
0 0.390625 0.2881944444444444 0.0296875 0.043055555555555555
0 0.499609375 0.2611111111111111 0.02578125 0.041666666666666664
0 0.534765625 0.2534722222222222 0.01953125 0.029166666666666667
0 0.5421875 0.2875 0.0203125 0.04722222222222222
0 0.56171875 0.3138888888888889 0.028125 0.05555555555555555
0 0.7234375 0.3402777777777778 0.040625 0.06666666666666667
0 0.75703125 0.30486111111111114 0.0359375 0.0625
0 0.730078125 0.2361111111111111 0.02265625 0.03888888888888889
0 0.79140625 0.26875 0.0203125 0.05138888888888889
