0 0.83046875 0.2965277777777778 0.0203125 0.04583333333333333
0 0.7890625 0.3236111111111111 0.0265625 0.044444444444444446
0 0.78046875 0.2625 0.021875 0.03333333333333333
0 0.746875 0.35208333333333336 0.040625 0.06527777777777778
0 0.608984375 0.29583333333333334 0.02578125 0.04722222222222222
0 0.59921875 0.26666666666666666 0.0203125 0.030555555555555555
0 0.434765625 0.2791666666666667 0.01796875 0.03333333333333333
0 0.474609375 0.28194444444444444 0.01953125 0.03333333333333333
0 0.449609375 0.31875 0.02421875 0.043055555555555555
0 0.427734375 0.3416666666666667 0.02421875 0.05
