0 0.765625 0.19305555555555556 0.0328125 0.05555555555555555
0 0.843359375 0.19583333333333333 0.03671875 0.058333333333333334
0 0.843359375 0.16875 0.03515625 0.034722222222222224
0 0.895703125 0.12986111111111112 0.03359375 0.04861111111111111
0 0.878515625 0.10555555555555556 0.02890625 0.04722222222222222
0 0.86953125 0.08472222222222223 0.0265625 0.03888888888888889
0 0.85625 0.06041666666666667 0.01875 0.02361111111111111
0 0.8328125 0.06319444444444444 0.0265625 0.02638888888888889
0 0.2703125 0.2673611111111111 0.028125 0.04027777777777778
0 0.394921875 0.0875 0.01640625 0.027777777777777776
0 0.52890625 0.10277777777777777 0.021875 0.03888888888888889
0 0.01484375 0.32430555555555557 0.0234375 0.04027777777777778
0 0.03359375 0.31666666666666665 0.0296875 0.03888888888888889
0 0.09453125 0.28541666666666665 0.028125 0.0375
0 0.175390625 0.21805555555555556 0.02421875 0.03611111111111111
0 0.2015625 0.09444444444444444 0.0109375 0.019444444444444445
