0 0.1359375 0.3729166666666667 0.034375 0.043055555555555555
0 0.13203125 0.2423611111111111 0.025 0.0375
0 0.05 0.3138888888888889 0.0296875 0.03611111111111111
0 0.008984375 0.3388888888888889 0.01640625 0.03888888888888889
0 0.530078125 0.14305555555555555 0.02578125 0.05277777777777778
0 0.645703125 0.11597222222222223 0.02734375 0.05416666666666667
0 0.8015625 0.3236111111111111 0.053125 0.08333333333333333
0 0.935546875 0.54375 0.07890625 0.10416666666666667
0 0.909375 0.28125 0.05625 0.0763888888888889
0 0.957421875 0.31805555555555554 0.06328125 0.08333333333333333
0 0.96796875 0.39791666666666664 0.0640625 0.09027777777777778
