0 0.034765625 0.32222222222222224 0.03203125 0.03888888888888889
0 0.166796875 0.10069444444444445 0.01328125 0.018055555555555554
0 0.04453125 0.4666666666666667 0.04375 0.04722222222222222
0 0.45625 0.16944444444444445 0.0265625 0.05
0 0.573046875 0.12986111111111112 0.02421875 0.05416666666666667
0 0.723828125 0.3277777777777778 0.04609375 0.08055555555555556
0 0.835546875 0.46944444444444444 0.06484375 0.09166666666666666
0 0.819140625 0.2708333333333333 0.04765625 0.075
0 0.863671875 0.2972222222222222 0.05390625 0.07777777777777778
0 0.8734375 0.3659722222222222 0.059375 0.07916666666666666
0 0.91640625 0.2659722222222222 0.046875 0.0763888888888889
0 0.934375 0.33402777777777776 0.0578125 0.08194444444444444
