0 0.327734375 0.38125 0.04296875 0.07361111111111111
0 0.38046875 0.3159722222222222 0.03125 0.05416666666666667
0 0.1875 0.39375 0.053125 0.0763888888888889
0 0.320703125 0.29930555555555555 0.02578125 0.04861111111111111
0 0.34375 0.29305555555555557 0.0265625 0.041666666666666664
0 0.5734375 0.29375 0.0234375 0.043055555555555555
0 0.57890625 0.3347222222222222 0.03125 0.05555555555555555
0 0.753125 0.29305555555555557 0.0265625 0.041666666666666664
0 0.837109375 0.3819444444444444 0.04296875 0.06666666666666667
0 0.845703125 0.3368055555555556 0.03515625 0.04583333333333333
