0 0.811328125 0.3451388888888889 0.02734375 0.043055555555555555
0 0.91171875 0.4395833333333333 0.0484375 0.06527777777777778
0 0.91484375 0.39305555555555555 0.0359375 0.044444444444444446
0 0.633203125 0.37569444444444444 0.03203125 0.05694444444444444
0 0.623828125 0.33541666666666664 0.02421875 0.043055555555555555
0 0.436328125 0.34444444444444444 0.02890625 0.05
0 0.390625 0.40347222222222223 0.0390625 0.07083333333333333
0 0.26015625 0.4076388888888889 0.05 0.0763888888888889
0 0.376171875 0.33125 0.02578125 0.04583333333333333
0 0.4 0.3263888888888889 0.0265625 0.044444444444444446
