0 0.6875 0.4895833333333333 0.0421875 0.06805555555555555
0 0.68203125 0.4131944444444444 0.025 0.043055555555555555
0 0.66640625 0.3680555555555556 0.01875 0.019444444444444445
0 0.6640625 0.38472222222222224 0.0203125 0.022222222222222223
0 0.645703125 0.3798611111111111 0.01796875 0.034722222222222224
0 0.461328125 0.40694444444444444 0.02734375 0.04722222222222222
0 0.433203125 0.41458333333333336 0.03046875 0.05138888888888889
0 0.35390625 0.3347222222222222 0.015625 0.03333333333333333
0 0.310546875 0.3375 0.01953125 0.030555555555555555
0 0.223828125 0.3638888888888889 0.02734375 0.041666666666666664
