0 0.7265625 0.39305555555555555 0.0328125 0.05277777777777778
0 0.726171875 0.3611111111111111 0.02890625 0.027777777777777776
0 0.70546875 0.34791666666666665 0.0234375 0.0375
0 0.6734375 0.35555555555555557 0.0234375 0.041666666666666664
0 0.61015625 0.4847222222222222 0.0515625 0.08333333333333333
0 0.5390625 0.46805555555555556 0.0484375 0.08333333333333333
0 0.282421875 0.3625 0.02890625 0.04722222222222222
0 0.25859375 0.3625 0.0265625 0.044444444444444446
0 0.21875 0.37777777777777777 0.0328125 0.04722222222222222
0 0.068359375 0.47291666666666665 0.05703125 0.0763888888888889
