0 0.887109375 0.42430555555555555 0.04453125 0.06527777777777778
0 0.840625 0.3888888888888889 0.034375 0.05555555555555555
0 0.814453125 0.36319444444444443 0.02890625 0.04583333333333333
0 0.776953125 0.36944444444444446 0.02890625 0.04722222222222222
0 0.702734375 0.4930555555555556 0.05546875 0.09166666666666666
0 0.6234375 0.4777777777777778 0.05 0.08888888888888889
0 0.37734375 0.3638888888888889 0.025 0.041666666666666664
0 0.3609375 0.3611111111111111 0.0171875 0.03888888888888889
0 0.341015625 0.3701388888888889 0.02421875 0.04027777777777778
0 0.203515625 0.44930555555555557 0.04453125 0.06527777777777778
