0 0.728515625 0.09097222222222222 0.03046875 0.05694444444444444
0 0.8125 0.11944444444444445 0.040625 0.06388888888888888
0 0.873828125 0.20347222222222222 0.04765625 0.05416666666666667
0 0.23125 0.3368055555555556 0.0390625 0.05694444444444444
0 0.25625 0.25416666666666665 0.0328125 0.05
0 0.333984375 0.15902777777777777 0.02578125 0.04583333333333333
0 0.334375 0.13194444444444445 0.025 0.025
0 0.418359375 0.08611111111111111 0.02265625 0.041666666666666664
0 0.4609375 0.10416666666666667 0.0203125 0.04722222222222222
0 0.52109375 0.08055555555555556 0.0234375 0.04722222222222222
