0 0.598046875 0.05625 0.01953125 0.0375
0 0.653515625 0.04791666666666667 0.02109375 0.043055555555555555
0 0.703515625 0.06319444444444444 0.02109375 0.029166666666666667
0 0.769921875 0.06736111111111111 0.02421875 0.04583333333333333
0 0.276171875 0.2791666666666667 0.02890625 0.044444444444444446
0 0.29609375 0.32222222222222224 0.0328125 0.05277777777777778
0 0.29453125 0.1951388888888889 0.0171875 0.0375
0 0.3078125 0.20347222222222222 0.025 0.04027777777777778
0 0.357421875 0.1361111111111111 0.01953125 0.025
0 0.407421875 0.1326388888888889 0.01640625 0.0375
0 0.4484375 0.10416666666666667 0.0171875 0.03611111111111111
