0 0.454296875 0.4951388888888889 0.02421875 0.043055555555555555
0 0.3671875 0.41458333333333336 0.0203125 0.03194444444444444
0 0.38359375 0.3951388888888889 0.015625 0.02638888888888889
0 0.437109375 0.4048611111111111 0.01484375 0.018055555555555554
0 0.03671875 0.35555555555555557 0.03125 0.041666666666666664
0 0.07109375 0.3326388888888889 0.0265625 0.03194444444444444
0 0.091015625 0.38958333333333334 0.03203125 0.043055555555555555
0 0.154296875 0.34652777777777777 0.02265625 0.020833333333333332
0 0.158984375 0.35833333333333334 0.02734375 0.025
0 0.185546875 0.3590277777777778 0.01953125 0.03194444444444444
