0 0.6328125 0.058333333333333334 0.0234375 0.041666666666666664
0 0.694921875 0.0798611111111111 0.02421875 0.04583333333333333
0 0.752734375 0.13333333333333333 0.02734375 0.03611111111111111
0 0.822265625 0.16875 0.03046875 0.04861111111111111
0 0.20546875 0.22569444444444445 0.04375 0.06805555555555555
0 0.23359375 0.3159722222222222 0.0515625 0.0763888888888889
0 0.24140625 0.09305555555555556 0.0296875 0.05
0 0.2578125 0.11180555555555556 0.034375 0.05694444444444444
0 0.330859375 0.034027777777777775 0.02578125 0.0375
0 0.400390625 0.05694444444444444 0.02421875 0.05
0 0.4515625 0.03819444444444445 0.021875 0.04583333333333333
