0 0.70078125 0.05694444444444444 0.03125 0.05555555555555555
0 0.784765625 0.07083333333333333 0.03515625 0.06111111111111111
0 0.877734375 0.1451388888888889 0.04140625 0.0625
0 0.975 0.1736111111111111 0.05 0.06666666666666667
0 0.187109375 0.45694444444444443 0.05859375 0.07222222222222222
0 0.216015625 0.6194444444444445 0.07265625 0.10277777777777777
0 0.23359375 0.2326388888888889 0.0375 0.05138888888888889
0 0.2515625 0.26180555555555557 0.04375 0.06527777777777778
0 0.33359375 0.12638888888888888 0.03125 0.04722222222222222
0 0.4140625 0.13819444444444445 0.0296875 0.06527777777777778
0 0.473828125 0.09027777777777778 0.02734375 0.05277777777777778
