0 0.326171875 0.1763888888888889 0.02265625 0.03888888888888889
0 0.3453125 0.15416666666666667 0.021875 0.03888888888888889
0 0.475 0.09861111111111111 0.0171875 0.03333333333333333
0 0.534375 0.07569444444444444 0.015625 0.029166666666666667
0 0.71015625 0.06597222222222222 0.0171875 0.03194444444444444
0 0.723828125 0.07083333333333333 0.01796875 0.030555555555555555
0 0.72578125 0.09375 0.021875 0.04027777777777778
0 0.73515625 0.12916666666666668 0.025 0.044444444444444446
0 0.09453125 0.24166666666666667 0.028125 0.03611111111111111
0 0.012890625 0.3173611111111111 0.02421875 0.04027777777777778
