0 0.2453125 0.19722222222222222 0.0375 0.06111111111111111
0 0.2375 0.17152777777777778 0.034375 0.034722222222222224
0 0.346484375 0.11666666666666667 0.02734375 0.05
0 0.4140625 0.13472222222222222 0.0296875 0.05555555555555555
0 0.4171875 0.10416666666666667 0.025 0.025
0 0.4765625 0.09444444444444444 0.025 0.05277777777777778
0 0.66953125 0.07152777777777777 0.028125 0.05694444444444444
0 0.702734375 0.07083333333333333 0.03046875 0.05277777777777778
0 0.791015625 0.0798611111111111 0.03671875 0.0625
0 0.8875 0.12916666666666668 0.04375 0.05555555555555555
