0 0.5875 0.6305555555555555 0.078125 0.1388888888888889
0 0.78046875 0.5833333333333334 0.071875 0.10277777777777777
0 0.294140625 0.1951388888888889 0.04140625 0.07361111111111111
0 0.368359375 0.15694444444444444 0.02890625 0.05277777777777778
0 0.4546875 0.16458333333333333 0.0234375 0.04583333333333333
0 0.42578125 0.24166666666666667 0.0359375 0.06666666666666667
0 0.484375 0.29097222222222224 0.040625 0.07916666666666666
0 0.43046875 0.2111111111111111 0.034375 0.05277777777777778
0 0.47109375 0.20416666666666666 0.028125 0.03611111111111111
0 0.49375 0.23125 0.028125 0.05138888888888889
