0 0.2328125 0.3125 0.0359375 0.05277777777777778
0 0.312109375 0.26319444444444445 0.02890625 0.04861111111111111
0 0.401953125 0.27361111111111114 0.02890625 0.05
0 0.38203125 0.25416666666666665 0.025 0.044444444444444446
0 0.383984375 0.23958333333333334 0.02421875 0.04027777777777778
0 0.430078125 0.21458333333333332 0.02265625 0.043055555555555555
0 0.594140625 0.5666666666666667 0.05078125 0.09444444444444444
0 0.77109375 0.4166666666666667 0.0421875 0.06666666666666667
0 0.942578125 0.6784722222222223 0.07421875 0.10138888888888889
0 0.9109375 0.6118055555555556 0.0625 0.0875
0 0.921875 0.5680555555555555 0.0640625 0.08055555555555556
