0 0.258203125 0.8930555555555556 0.12734375 0.21388888888888888
0 0.453515625 0.6680555555555555 0.07734375 0.1361111111111111
0 0.415234375 0.49722222222222223 0.05390625 0.08888888888888889
0 0.214453125 0.32083333333333336 0.04765625 0.07777777777777778
0 0.26171875 0.35208333333333336 0.053125 0.08472222222222223
0 0.319921875 0.3145833333333333 0.03828125 0.0625
0 0.0203125 0.07708333333333334 0.0328125 0.04861111111111111
0 0.03671875 0.07291666666666667 0.0265625 0.04861111111111111
0 0.15234375 0.17083333333333334 0.034375 0.030555555555555555
0 0.21328125 0.2298611111111111 0.0390625 0.0625
