0 0.53203125 0.25 0.0453125 0.08333333333333333
0 0.70546875 0.04513888888888889 0.0375 0.07361111111111111
0 0.47265625 0.10208333333333333 0.034375 0.06527777777777778
0 0.595703125 0.0625 0.03515625 0.06944444444444445
0 0.3140625 0.16597222222222222 0.0359375 0.06805555555555555
0 0.382421875 0.18472222222222223 0.03828125 0.06944444444444445
0 0.29921875 0.40902777777777777 0.0515625 0.08472222222222223
0 0.88515625 0.12569444444444444 0.0546875 0.08194444444444444
0 0.92265625 0.10625 0.05 0.09027777777777778
0 0.951171875 0.14375 0.05859375 0.09305555555555556
0 0.968359375 0.19375 0.06171875 0.10694444444444444
