0 0.4453125 0.07083333333333333 0.0390625 0.07777777777777778
0 0.8390625 0.32708333333333334 0.0421875 0.06527777777777778
0 0.852734375 0.7076388888888889 0.07578125 0.10694444444444444
0 0.64921875 0.6847222222222222 0.0765625 0.13055555555555556
0 0.40625 0.03611111111111111 0.034375 0.06944444444444445
0 0.309375 0.3576388888888889 0.071875 0.1125
0 0.26953125 0.7222222222222222 0.115625 0.17222222222222222
0 0.5015625 0.9805555555555555 0.0875 0.03888888888888889
0 0.076171875 0.7798611111111111 0.14765625 0.20416666666666666
0 0.033203125 0.9527777777777777 0.06484375 0.09444444444444444
