0 0.723046875 0.5840277777777778 0.06640625 0.10416666666666667
0 0.612109375 0.6006944444444444 0.06953125 0.11527777777777778
0 0.282421875 0.5326388888888889 0.08359375 0.12638888888888888
0 0.07265625 0.46944444444444444 0.1015625 0.1361111111111111
0 0.073046875 0.39375 0.08359375 0.11527777777777778
0 0.773828125 0.38333333333333336 0.04765625 0.075
0 0.91875 0.39861111111111114 0.046875 0.06388888888888888
0 0.398828125 0.20069444444444445 0.04140625 0.07083333333333333
0 0.63671875 0.2569444444444444 0.040625 0.06666666666666667
0 0.511328125 0.13333333333333333 0.03203125 0.06111111111111111
0 0.67109375 0.19027777777777777 0.0328125 0.05555555555555555
