0 0.219140625 0.39375 0.03515625 0.05138888888888889
0 0.24765625 0.3645833333333333 0.03125 0.05138888888888889
0 0.26640625 0.3402777777777778 0.025 0.04722222222222222
0 0.3265625 0.28402777777777777 0.021875 0.034722222222222224
0 0.38125 0.29305555555555557 0.0203125 0.03888888888888889
0 0.420703125 0.3055555555555556 0.02265625 0.041666666666666664
0 0.401953125 0.28888888888888886 0.01953125 0.041666666666666664
0 0.634375 0.2861111111111111 0.021875 0.03888888888888889
0 0.6453125 0.32222222222222224 0.0265625 0.04722222222222222
0 0.741796875 0.39305555555555555 0.03671875 0.058333333333333334
0 0.716015625 0.2798611111111111 0.02421875 0.04027777777777778
