0 0.3515625 0.30277777777777776 0.04375 0.07777777777777778
0 0.770703125 0.7854166666666667 0.10078125 0.16805555555555557
0 0.861328125 0.7972222222222223 0.10546875 0.1638888888888889
0 0.94609375 0.6979166666666666 0.1 0.13472222222222222
0 0.958984375 0.6229166666666667 0.08203125 0.10694444444444444
0 0.802734375 0.5145833333333333 0.07109375 0.10694444444444444
0 0.836328125 0.40694444444444444 0.05703125 0.08055555555555556
0 0.937109375 0.42569444444444443 0.06171875 0.08472222222222223
0 0.657421875 0.27708333333333335 0.03828125 0.07361111111111111
0 0.5640625 0.20416666666666666 0.0328125 0.058333333333333334
0 0.526171875 0.2152777777777778 0.03359375 0.06666666666666667
