0 0.735546875 0.8715277777777778 0.11640625 0.20416666666666666
0 0.833203125 0.7291666666666666 0.10234375 0.16111111111111112
0 0.92421875 0.8340277777777778 0.109375 0.16805555555555557
0 0.828125 0.51875 0.0859375 0.12083333333333333
0 0.975 0.4583333333333333 0.05 0.09444444444444444
0 0.898046875 0.3729166666666667 0.06484375 0.09583333333333334
0 0.70625 0.1840277777777778 0.0453125 0.08194444444444444
0 0.673046875 0.08819444444444445 0.03515625 0.06805555555555555
0 0.60546875 0.08888888888888889 0.0375 0.07777777777777778
0 0.40625 0.10555555555555556 0.0421875 0.08611111111111111
