0 0.216796875 0.23958333333333334 0.04296875 0.06805555555555555
0 0.327734375 0.14027777777777778 0.02890625 0.05555555555555555
0 0.35546875 0.14166666666666666 0.03125 0.05555555555555555
0 0.405859375 0.14583333333333334 0.02890625 0.05
0 0.4328125 0.16319444444444445 0.03125 0.059722222222222225
0 0.45234375 0.14027777777777778 0.0296875 0.05555555555555555
0 0.4765625 0.15138888888888888 0.028125 0.05277777777777778
0 0.6734375 0.16597222222222222 0.025 0.04583333333333333
0 0.598828125 0.4305555555555556 0.04921875 0.09166666666666666
0 0.83125 0.30972222222222223 0.0421875 0.06111111111111111
0 0.9265625 0.37430555555555556 0.0515625 0.06805555555555555
