0 0.59296875 0.36319444444444443 0.046875 0.08194444444444444
0 0.23984375 0.27152777777777776 0.0390625 0.0625
0 0.31328125 0.1840277777777778 0.028125 0.04583333333333333
0 0.370703125 0.18541666666666667 0.03046875 0.05138888888888889
0 0.561328125 0.28125 0.03671875 0.06527777777777778
0 0.809375 0.41944444444444445 0.0609375 0.08611111111111111
0 0.8359375 0.2569444444444444 0.04375 0.06666666666666667
0 0.733203125 0.2534722222222222 0.04296875 0.07083333333333333
0 0.83359375 0.18819444444444444 0.0375 0.05416666666666667
0 0.728515625 0.19444444444444445 0.03203125 0.05277777777777778
