0 0.6375 0.37430555555555556 0.0515625 0.08472222222222223
0 0.455078125 0.28541666666666665 0.04296875 0.08194444444444444
0 0.950390625 0.5770833333333333 0.08984375 0.12361111111111112
0 0.746875 0.21944444444444444 0.04375 0.06944444444444445
0 0.80234375 0.15833333333333333 0.0390625 0.06388888888888888
0 0.66484375 0.14375 0.03125 0.059722222222222225
0 0.635546875 0.20347222222222222 0.03828125 0.07083333333333333
0 0.459765625 0.20902777777777778 0.03671875 0.06527777777777778
0 0.21328125 0.1701388888888889 0.034375 0.05416666666666667
0 0.29609375 0.09791666666666667 0.021875 0.04583333333333333
0 0.340625 0.10347222222222222 0.0265625 0.04861111111111111
