0 0.304296875 0.6229166666666667 0.08203125 0.12638888888888888
0 0.86953125 0.45069444444444445 0.0734375 0.10416666666666667
0 0.974609375 0.3854166666666667 0.05078125 0.09027777777777778
0 0.24765625 0.2972222222222222 0.0515625 0.08055555555555556
0 0.719140625 0.3423611111111111 0.05546875 0.09027777777777778
0 0.79140625 0.28194444444444444 0.0484375 0.075
0 0.50546875 0.2548611111111111 0.040625 0.07361111111111111
0 0.356640625 0.10833333333333334 0.02890625 0.05
0 0.4265625 0.06458333333333334 0.0234375 0.043055555555555555
0 0.46015625 0.08472222222222223 0.025 0.05
