0 0.39296875 0.7576388888888889 0.0984375 0.1736111111111111
0 0.43984375 0.5729166666666666 0.0734375 0.12638888888888888
0 0.341015625 0.46875 0.05859375 0.09583333333333334
0 0.69140625 0.35625 0.0453125 0.08194444444444444
0 0.69296875 0.25069444444444444 0.0359375 0.06527777777777778
0 0.576171875 0.3701388888888889 0.04609375 0.08472222222222223
0 0.573046875 0.27152777777777776 0.03671875 0.06527777777777778
0 0.00703125 0.7986111111111112 0.0125 0.11666666666666667
0 0.09609375 0.30277777777777776 0.05 0.07222222222222222
0 0.012109375 0.30972222222222223 0.02265625 0.07777777777777778
