0 0.542578125 0.48194444444444445 0.06015625 0.09722222222222222
0 0.619140625 0.33194444444444443 0.05078125 0.09444444444444444
0 0.41171875 0.2923611111111111 0.046875 0.08194444444444444
0 0.1984375 0.34444444444444444 0.0578125 0.08333333333333333
0 0.16953125 0.3229166666666667 0.0546875 0.07916666666666666
0 0.380078125 0.21041666666666667 0.04296875 0.07361111111111111
0 0.600390625 0.1638888888888889 0.03984375 0.07222222222222222
0 0.636328125 0.18680555555555556 0.04296875 0.0763888888888889
0 0.263671875 0.09791666666666667 0.03203125 0.05694444444444444
0 0.708984375 0.0763888888888889 0.03515625 0.06666666666666667
0 0.824609375 0.059722222222222225 0.03828125 0.06111111111111111
