0 0.43046875 0.42083333333333334 0.0734375 0.12777777777777777
0 0.678515625 0.35347222222222224 0.06640625 0.1125
0 0.274609375 0.4361111111111111 0.08203125 0.12777777777777777
0 0.969921875 0.39305555555555555 0.06015625 0.11944444444444445
0 0.67109375 0.3034722222222222 0.0625 0.09305555555555556
0 0.42109375 0.24583333333333332 0.0484375 0.08611111111111111
0 0.48515625 0.19444444444444445 0.0390625 0.075
0 0.330859375 0.1763888888888889 0.03984375 0.06666666666666667
0 0.344921875 0.16041666666666668 0.03828125 0.06805555555555555
0 0.515234375 0.10486111111111111 0.02890625 0.05138888888888889
