0 0.275390625 0.5458333333333333 0.08359375 0.12777777777777777
0 0.291796875 0.30694444444444446 0.05390625 0.05555555555555555
0 0.292578125 0.35555555555555557 0.05703125 0.08888888888888889
0 0.334765625 0.19583333333333333 0.02734375 0.05555555555555555
0 0.3609375 0.19930555555555557 0.025 0.05694444444444444
0 0.38828125 0.24444444444444444 0.034375 0.06111111111111111
0 0.394921875 0.21875 0.03359375 0.05138888888888889
0 0.693359375 0.2965277777777778 0.03828125 0.0625
0 0.728125 0.3145833333333333 0.040625 0.06527777777777778
0 0.778125 0.2625 0.0328125 0.05277777777777778
0 0.871484375 0.2708333333333333 0.03515625 0.05
