0 0.362890625 0.21666666666666667 0.02734375 0.04722222222222222
0 0.3578125 0.18680555555555556 0.0203125 0.03194444444444444
0 0.35078125 0.17152777777777778 0.01875 0.020833333333333332
0 0.356640625 0.15069444444444444 0.01484375 0.029166666666666667
0 0.372265625 0.15138888888888888 0.01328125 0.03333333333333333
0 0.391015625 0.16666666666666666 0.01796875 0.03333333333333333
0 0.3953125 0.15833333333333333 0.0171875 0.030555555555555555
0 0.5484375 0.18333333333333332 0.015625 0.03611111111111111
0 0.564453125 0.18888888888888888 0.01796875 0.03611111111111111
0 0.60625 0.175 0.015625 0.027777777777777776
0 0.66328125 0.17916666666666667 0.0171875 0.030555555555555555
