0 0.709375 0.08611111111111111 0.0203125 0.03611111111111111
0 0.636328125 0.09236111111111112 0.01796875 0.034722222222222224
0 0.558203125 0.11041666666666666 0.01640625 0.04027777777777778
0 0.571875 0.11527777777777778 0.0203125 0.03888888888888889
0 0.34609375 0.1798611111111111 0.025 0.04583333333333333
0 0.358984375 0.15069444444444444 0.02109375 0.04027777777777778
0 0.360546875 0.13333333333333333 0.01953125 0.022222222222222223
0 0.387890625 0.10416666666666667 0.01484375 0.030555555555555555
0 0.39921875 0.1 0.0109375 0.030555555555555555
0 0.4078125 0.11666666666666667 0.01875 0.030555555555555555
0 0.416015625 0.10833333333333334 0.01640625 0.030555555555555555
