0 0.20625 0.2833333333333333 0.0546875 0.07777777777777778
0 0.230078125 0.15625 0.03984375 0.0625
0 0.321875 0.059027777777777776 0.025 0.04861111111111111
0 0.405859375 0.13819444444444445 0.03046875 0.059722222222222225
0 0.489453125 0.09444444444444444 0.02734375 0.041666666666666664
0 0.51640625 0.06666666666666667 0.025 0.05
0 0.544140625 0.06527777777777778 0.02578125 0.05555555555555555
0 0.58046875 0.12708333333333333 0.0296875 0.06527777777777778
0 0.60703125 0.1375 0.0328125 0.06388888888888888
0 0.6984375 0.08958333333333333 0.0296875 0.05416666666666667
0 0.80859375 0.09722222222222222 0.034375 0.058333333333333334
