0 0.236328125 0.16319444444444445 0.03671875 0.059722222222222225
0 0.235546875 0.08888888888888889 0.02890625 0.05
0 0.2984375 0.025 0.021875 0.03888888888888889
0 0.378125 0.07847222222222222 0.025 0.04583333333333333
0 0.439453125 0.04027777777777778 0.01796875 0.022222222222222223
0 0.460546875 0.029166666666666667 0.01953125 0.044444444444444446
0 0.48203125 0.027777777777777776 0.0203125 0.041666666666666664
0 0.50859375 0.06666666666666667 0.021875 0.05
0 0.528125 0.07361111111111111 0.0234375 0.04722222222222222
0 0.598828125 0.044444444444444446 0.02109375 0.044444444444444446
0 0.678515625 0.04791666666666667 0.02265625 0.043055555555555555
