0 0.223828125 0.32569444444444445 0.03515625 0.05416666666666667
0 0.23125 0.27361111111111114 0.028125 0.041666666666666664
0 0.2984375 0.2361111111111111 0.0203125 0.03611111111111111
0 0.3703125 0.27708333333333335 0.021875 0.04027777777777778
0 0.428515625 0.2548611111111111 0.01953125 0.020833333333333332
0 0.448046875 0.2520833333333333 0.01796875 0.0375
0 0.4671875 0.2513888888888889 0.01875 0.03611111111111111
0 0.490625 0.27847222222222223 0.01875 0.043055555555555555
0 0.508203125 0.28541666666666665 0.02109375 0.04027777777777778
0 0.5703125 0.2673611111111111 0.0171875 0.034722222222222224
0 0.639453125 0.27361111111111114 0.01953125 0.03333333333333333
