0 0.703515625 0.20972222222222223 0.02265625 0.03611111111111111
0 0.62734375 0.20625 0.01875 0.0375
0 0.423046875 0.21666666666666667 0.02265625 0.03888888888888889
0 0.480859375 0.19236111111111112 0.01796875 0.015277777777777777
0 0.500390625 0.19166666666666668 0.01953125 0.03611111111111111
0 0.51953125 0.19305555555555556 0.01875 0.03333333333333333
0 0.5421875 0.2152777777777778 0.01875 0.041666666666666664
0 0.560546875 0.2222222222222222 0.02265625 0.044444444444444446
0 0.28671875 0.2611111111111111 0.0328125 0.05277777777777778
0 0.294921875 0.21388888888888888 0.02578125 0.03888888888888889
0 0.35859375 0.18472222222222223 0.0171875 0.03333333333333333
