0 0.484765625 0.25833333333333336 0.03515625 0.05
0 0.5609375 0.29097222222222224 0.0390625 0.07361111111111111
0 0.5765625 0.25416666666666665 0.0328125 0.058333333333333334
0 0.6109375 0.20416666666666666 0.025 0.044444444444444446
0 0.629296875 0.22777777777777777 0.02734375 0.05277777777777778
0 0.697265625 0.2 0.02578125 0.04722222222222222
0 0.729296875 0.28541666666666665 0.04140625 0.07083333333333333
0 0.134375 0.28402777777777777 0.0484375 0.06805555555555555
0 0.230859375 0.2 0.03203125 0.05277777777777778
0 0.41796875 0.3819444444444444 0.05 0.09166666666666666
0 0.441015625 0.25833333333333336 0.03359375 0.06388888888888888
