0 0.438671875 0.31180555555555556 0.02578125 0.04583333333333333
0 0.512890625 0.31805555555555554 0.03046875 0.03333333333333333
0 0.5203125 0.3020833333333333 0.0234375 0.04583333333333333
0 0.574609375 0.2652777777777778 0.01953125 0.03611111111111111
0 0.586328125 0.2847222222222222 0.02265625 0.041666666666666664
0 0.653125 0.2611111111111111 0.021875 0.03888888888888889
0 0.658984375 0.33819444444444446 0.03203125 0.05694444444444444
0 0.19140625 0.32430555555555557 0.0328125 0.05138888888888889
0 0.271484375 0.2659722222222222 0.02265625 0.03194444444444444
0 0.3828125 0.40694444444444444 0.040625 0.06666666666666667
0 0.388671875 0.3229166666666667 0.03046875 0.05138888888888889
