0 0.162890625 0.33055555555555555 0.05078125 0.07777777777777778
0 0.159375 0.2465277777777778 0.0359375 0.05138888888888889
0 0.456640625 0.2465277777777778 0.03046875 0.059722222222222225
0 0.475 0.22777777777777777 0.0265625 0.05
0 0.54609375 0.31180555555555556 0.0375 0.06805555555555555
0 0.65390625 0.19930555555555557 0.025 0.04861111111111111
0 0.55859375 0.2222222222222222 0.028125 0.05277777777777778
0 0.530859375 0.19652777777777777 0.02109375 0.034722222222222224
0 0.525390625 0.16527777777777777 0.01953125 0.03611111111111111
0 0.56015625 0.17847222222222223 0.021875 0.0375
0 0.575 0.15208333333333332 0.01875 0.034722222222222224
