0 0.58125 0.175 0.0296875 0.058333333333333334
0 0.59453125 0.11805555555555555 0.021875 0.044444444444444446
0 0.613671875 0.1423611111111111 0.02421875 0.04861111111111111
0 0.6640625 0.1111111111111111 0.021875 0.041666666666666664
0 0.73359375 0.18958333333333333 0.0296875 0.0625
0 0.178515625 0.2263888888888889 0.04453125 0.06944444444444445
0 0.230859375 0.14027777777777778 0.03046875 0.04722222222222222
0 0.202734375 0.15625 0.03203125 0.029166666666666667
0 0.303125 0.14375 0.028125 0.05138888888888889
0 0.32578125 0.16458333333333333 0.03125 0.05416666666666667
0 0.387890625 0.1597222222222222 0.03046875 0.06111111111111111
