0 0.191015625 0.2902777777777778 0.03828125 0.058333333333333334
0 0.25234375 0.19791666666666666 0.03125 0.04861111111111111
0 0.29296875 0.15555555555555556 0.028125 0.04722222222222222
0 0.3484375 0.1701388888888889 0.028125 0.05416666666666667
0 0.3171875 0.22013888888888888 0.03125 0.05416666666666667
0 0.348046875 0.2638888888888889 0.03515625 0.06388888888888888
0 0.55546875 0.3055555555555556 0.0421875 0.07777777777777778
0 0.67265625 0.22291666666666668 0.0375 0.07083333333333333
0 0.6671875 0.15486111111111112 0.03125 0.06527777777777778
0 0.789453125 0.14305555555555555 0.03671875 0.06666666666666667
0 0.796484375 0.3819444444444444 0.05859375 0.09722222222222222
