0 0.224609375 0.3388888888888889 0.04296875 0.06666666666666667
0 0.261328125 0.23125 0.03515625 0.04583333333333333
0 0.29140625 0.1875 0.03125 0.05
0 0.373828125 0.19027777777777777 0.02890625 0.05277777777777778
0 0.361328125 0.2423611111111111 0.03359375 0.059722222222222225
0 0.426171875 0.275 0.03828125 0.07222222222222222
0 0.670703125 0.26944444444444443 0.04140625 0.075
0 0.69921875 0.13680555555555557 0.0296875 0.05138888888888889
0 0.734765625 0.18888888888888888 0.03828125 0.06111111111111111
0 0.794140625 0.11875 0.03203125 0.05694444444444444
0 0.8890625 0.28541666666666665 0.053125 0.0763888888888889
