0 0.226953125 0.22777777777777777 0.03828125 0.058333333333333334
0 0.272265625 0.16041666666666668 0.03046875 0.043055555555555555
0 0.305078125 0.13194444444444445 0.02421875 0.044444444444444446
0 0.354296875 0.18194444444444444 0.02734375 0.05
0 0.373828125 0.14722222222222223 0.02734375 0.04722222222222222
0 0.401171875 0.21666666666666667 0.03359375 0.058333333333333334
0 0.609375 0.2520833333333333 0.0375 0.06805555555555555
0 0.6671875 0.15902777777777777 0.025 0.04861111111111111
0 0.685546875 0.20416666666666666 0.03046875 0.05555555555555555
0 0.75859375 0.16111111111111112 0.028125 0.04722222222222222
0 0.8015625 0.3020833333333333 0.04375 0.07361111111111111
