0 0.18671875 0.2604166666666667 0.0484375 0.0763888888888889
0 0.229296875 0.17152777777777778 0.03515625 0.0375
0 0.262890625 0.14097222222222222 0.03203125 0.05138888888888889
0 0.330859375 0.2 0.03203125 0.06111111111111111
0 0.3453125 0.15763888888888888 0.0296875 0.05416666666666667
0 0.39296875 0.2326388888888889 0.0359375 0.06805555555555555
0 0.61953125 0.2604166666666667 0.0359375 0.06527777777777778
0 0.653125 0.16180555555555556 0.025 0.04583333333333333
0 0.680859375 0.20694444444444443 0.03046875 0.05555555555555555
0 0.736328125 0.1597222222222222 0.02734375 0.04722222222222222
0 0.805859375 0.30069444444444443 0.04453125 0.0625
