0 0.26796875 0.16666666666666666 0.0375 0.06388888888888888
0 0.318359375 0.09375 0.02890625 0.043055555555555555
0 0.352734375 0.06319444444444444 0.02578125 0.04583333333333333
0 0.39453125 0.11875 0.0296875 0.05694444444444444
0 0.41875 0.07847222222222222 0.0265625 0.05138888888888889
0 0.437890625 0.15555555555555556 0.03359375 0.06666666666666667
0 0.66015625 0.2048611111111111 0.0421875 0.07916666666666666
0 0.740625 0.09513888888888888 0.03125 0.05694444444444444
0 0.75859375 0.15 0.0375 0.06666666666666667
0 0.85234375 0.10208333333333333 0.034375 0.0625
0 0.891796875 0.28055555555555556 0.05859375 0.09166666666666666
