0 0.3046875 0.1763888888888889 0.040625 0.07777777777777778
0 0.34453125 0.09166666666666666 0.034375 0.044444444444444446
0 0.376171875 0.06527777777777778 0.02734375 0.05277777777777778
0 0.44296875 0.11736111111111111 0.0328125 0.06805555555555555
0 0.458203125 0.07569444444444444 0.03046875 0.059722222222222225
0 0.509375 0.15625 0.0390625 0.07916666666666666
0 0.78046875 0.1951388888888889 0.053125 0.0875
0 0.8125 0.08472222222222223 0.0375 0.06111111111111111
0 0.85390625 0.1388888888888889 0.04375 0.07222222222222222
0 0.92265625 0.08888888888888889 0.0390625 0.06111111111111111
