0 0.712109375 0.42916666666666664 0.04609375 0.075
0 0.705078125 0.37430555555555556 0.04140625 0.05416666666666667
0 0.739453125 0.4083333333333333 0.04296875 0.075
0 0.733984375 0.24097222222222223 0.02421875 0.043055555555555555
0 0.76875 0.2923611111111111 0.034375 0.05416666666666667
0 0.264453125 0.43680555555555556 0.05078125 0.07361111111111111
0 0.2234375 0.29444444444444445 0.0359375 0.05555555555555555
0 0.3203125 0.29791666666666666 0.0328125 0.05694444444444444
0 0.338671875 0.21666666666666667 0.02578125 0.044444444444444446
0 0.524609375 0.2513888888888889 0.02578125 0.05
