0 0.3015625 0.25069444444444444 0.028125 0.04861111111111111
0 0.316796875 0.2263888888888889 0.02265625 0.03888888888888889
0 0.3859375 0.2861111111111111 0.028125 0.05277777777777778
0 0.393359375 0.21597222222222223 0.02421875 0.043055555555555555
0 0.366796875 0.17430555555555555 0.01640625 0.034722222222222224
0 0.355078125 0.1673611111111111 0.01171875 0.03194444444444444
0 0.487890625 0.25277777777777777 0.02890625 0.05277777777777778
0 0.477734375 0.1597222222222222 0.02109375 0.044444444444444446
0 0.5328125 0.16527777777777777 0.0171875 0.022222222222222223
0 0.699609375 0.16666666666666666 0.01796875 0.03611111111111111
