0 0.566015625 0.2375 0.02734375 0.05555555555555555
0 0.674609375 0.21736111111111112 0.03203125 0.05416666666666667
0 0.6734375 0.11597222222222223 0.0234375 0.04027777777777778
0 0.73671875 0.125 0.0265625 0.027777777777777776
0 0.578515625 0.16666666666666666 0.02421875 0.044444444444444446
0 0.4921875 0.19791666666666666 0.0234375 0.04583333333333333
0 0.5078125 0.17083333333333334 0.021875 0.03888888888888889
0 0.555859375 0.12638888888888888 0.01640625 0.03333333333333333
0 0.5453125 0.12291666666666666 0.0125 0.04027777777777778
0 0.968359375 0.14652777777777778 0.03046875 0.05138888888888889
