0 0.330078125 0.4236111111111111 0.02421875 0.041666666666666664
0 0.348828125 0.39444444444444443 0.02421875 0.03611111111111111
0 0.40546875 0.3548611111111111 0.015625 0.03194444444444444
0 0.39453125 0.35138888888888886 0.0125 0.030555555555555555
0 0.42265625 0.3972222222222222 0.0265625 0.041666666666666664
0 0.405859375 0.4701388888888889 0.03046875 0.05416666666666667
0 0.5140625 0.44583333333333336 0.03125 0.05
0 0.5125 0.35208333333333336 0.0203125 0.034722222222222224
0 0.566796875 0.3611111111111111 0.02265625 0.025
0 0.73984375 0.3729166666666667 0.01875 0.0375
