0 0.301953125 0.4736111111111111 0.04609375 0.05555555555555555
0 0.418359375 0.4326388888888889 0.03515625 0.0625
0 0.47421875 0.3159722222222222 0.0125 0.034722222222222224
0 0.488671875 0.32708333333333334 0.01953125 0.034722222222222224
0 0.5015625 0.35833333333333334 0.025 0.044444444444444446
0 0.538671875 0.32430555555555557 0.02109375 0.02638888888888889
0 0.540234375 0.3090277777777778 0.02109375 0.02361111111111111
0 0.754296875 0.4027777777777778 0.02734375 0.044444444444444446
0 0.770703125 0.5229166666666667 0.04453125 0.07083333333333333
0 0.730859375 0.36180555555555555 0.02265625 0.0375
