0 0.20546875 0.40902777777777777 0.0484375 0.06805555555555555
0 0.330859375 0.38125 0.03984375 0.07083333333333333
0 0.425390625 0.2951388888888889 0.02109375 0.04583333333333333
0 0.4125 0.2611111111111111 0.0234375 0.041666666666666664
0 0.38984375 0.24305555555555555 0.01875 0.03333333333333333
0 0.46171875 0.2465277777777778 0.021875 0.043055555555555555
0 0.503125 0.27569444444444446 0.025 0.043055555555555555
0 0.669140625 0.33125 0.02578125 0.05138888888888889
0 0.64140625 0.4284722222222222 0.0390625 0.0625
0 0.64609375 0.28194444444444444 0.025 0.022222222222222223
