0 0.119140625 0.5111111111111111 0.06796875 0.09444444444444444
0 0.1609375 0.4625 0.05625 0.08055555555555556
0 0.180078125 0.4166666666666667 0.04453125 0.06388888888888888
0 0.251171875 0.3548611111111111 0.03203125 0.04861111111111111
0 0.248046875 0.41041666666666665 0.03828125 0.0375
0 0.372265625 0.42083333333333334 0.02734375 0.04722222222222222
0 0.39453125 0.45208333333333334 0.028125 0.04861111111111111
0 0.408984375 0.43333333333333335 0.02265625 0.044444444444444446
0 0.608984375 0.5131944444444444 0.01953125 0.03194444444444444
0 0.6359375 0.5756944444444444 0.025 0.04027777777777778
0 0.662890625 0.5423611111111111 0.01953125 0.034722222222222224
