0 0.8359375 0.3388888888888889 0.046875 0.06944444444444445
0 0.841015625 0.2951388888888889 0.03984375 0.034722222222222224
0 0.874609375 0.2701388888888889 0.02890625 0.04861111111111111
0 0.803125 0.22013888888888888 0.0234375 0.04861111111111111
0 0.641015625 0.29305555555555557 0.03203125 0.06666666666666667
0 0.603125 0.24444444444444444 0.0234375 0.04722222222222222
0 0.62109375 0.2111111111111111 0.0234375 0.041666666666666664
0 0.562890625 0.21597222222222223 0.02265625 0.04583333333333333
0 0.455078125 0.2326388888888889 0.02578125 0.04861111111111111
0 0.403125 0.22083333333333333 0.021875 0.030555555555555555
