0 0.7984375 0.29930555555555555 0.0328125 0.05416666666666667
0 0.764453125 0.29305555555555557 0.03046875 0.05277777777777778
0 0.727734375 0.25625 0.02421875 0.04027777777777778
0 0.540625 0.33055555555555555 0.0328125 0.058333333333333334
0 0.5484375 0.3923611111111111 0.04375 0.07916666666666666
0 0.4265625 0.2833333333333333 0.025 0.044444444444444446
0 0.33984375 0.2708333333333333 0.0234375 0.03888888888888889
0 0.3171875 0.2777777777777778 0.0265625 0.041666666666666664
0 0.2875 0.28680555555555554 0.0265625 0.043055555555555555
0 0.194140625 0.35694444444444445 0.03984375 0.058333333333333334
