0 0.798046875 0.34652777777777777 0.04296875 0.0763888888888889
0 0.734765625 0.3013888888888889 0.03515625 0.058333333333333334
0 0.732421875 0.2652777777777778 0.02890625 0.041666666666666664
0 0.694140625 0.2791666666666667 0.02890625 0.05
0 0.492578125 0.3277777777777778 0.03671875 0.06666666666666667
0 0.44765625 0.39444444444444443 0.0453125 0.08333333333333333
0 0.40390625 0.41944444444444445 0.05 0.08888888888888889
0 0.28984375 0.2548611111111111 0.028125 0.04861111111111111
0 0.227734375 0.2701388888888889 0.02890625 0.04583333333333333
0 0.0796875 0.35625 0.0484375 0.06527777777777778
