0 0.228125 0.3375 0.0375 0.058333333333333334
0 0.348828125 0.27569444444444446 0.02421875 0.04027777777777778
0 0.401953125 0.2638888888888889 0.02421875 0.041666666666666664
0 0.491796875 0.36527777777777776 0.04453125 0.06388888888888888
0 0.50078125 0.4222222222222222 0.046875 0.09166666666666666
0 0.544140625 0.4027777777777778 0.04921875 0.08888888888888889
0 0.804296875 0.29305555555555557 0.03359375 0.058333333333333334
0 0.86953125 0.29097222222222224 0.0390625 0.059722222222222225
0 0.883984375 0.33125 0.04765625 0.07083333333333333
0 0.959375 0.3861111111111111 0.0578125 0.08888888888888889
