0 0.565234375 0.1125 0.01953125 0.03888888888888889
0 0.6234375 0.1125 0.0234375 0.044444444444444446
0 0.667578125 0.1388888888888889 0.02421875 0.030555555555555555
0 0.737890625 0.15 0.02890625 0.05
0 0.194140625 0.4027777777777778 0.03671875 0.05277777777777778
0 0.19375 0.3423611111111111 0.0328125 0.04861111111111111
0 0.241796875 0.24097222222222223 0.02265625 0.0375
0 0.2484375 0.25069444444444444 0.025 0.043055555555555555
0 0.315625 0.18055555555555555 0.021875 0.03333333333333333
0 0.3609375 0.17777777777777778 0.0171875 0.03888888888888889
0 0.408203125 0.15 0.01953125 0.03611111111111111
