0 0.0078125 0.46597222222222223 0.0140625 0.05694444444444444
0 0.172265625 0.3597222222222222 0.03359375 0.05
0 0.196484375 0.38055555555555554 0.03828125 0.05277777777777778
0 0.23828125 0.3701388888888889 0.0359375 0.05416666666666667
0 0.208203125 0.3402777777777778 0.03203125 0.044444444444444446
0 0.247265625 0.3326388888888889 0.03046875 0.043055555555555555
0 0.34765625 0.4722222222222222 0.0421875 0.06944444444444445
0 0.523828125 0.3784722222222222 0.03046875 0.05694444444444444
0 0.57890625 0.41180555555555554 0.034375 0.059722222222222225
0 0.68203125 0.42986111111111114 0.0375 0.0625
