0 0.4203125 0.43125 0.0421875 0.07083333333333333
0 0.6234375 0.38333333333333336 0.034375 0.06111111111111111
0 0.653125 0.40347222222222223 0.0375 0.0625
0 0.77109375 0.44375 0.0453125 0.07083333333333333
0 0.128125 0.35208333333333336 0.040625 0.05694444444444444
0 0.237109375 0.3111111111111111 0.03203125 0.05277777777777778
0 0.2609375 0.2951388888888889 0.0296875 0.04861111111111111
0 0.292578125 0.2861111111111111 0.03203125 0.05
0 0.321875 0.29930555555555555 0.0296875 0.05138888888888889
0 0.328515625 0.2798611111111111 0.02890625 0.04583333333333333
