0 0.518359375 0.31875 0.05234375 0.09305555555555556
0 0.573046875 0.15763888888888888 0.03671875 0.0763888888888889
0 0.64296875 0.25 0.0546875 0.09444444444444444
0 0.714453125 0.15902777777777777 0.04296875 0.0763888888888889
0 0.776953125 0.19027777777777777 0.05234375 0.08611111111111111
0 0.923046875 0.20416666666666666 0.05859375 0.08611111111111111
0 0.126953125 0.3138888888888889 0.05859375 0.06944444444444445
0 0.2390625 0.2013888888888889 0.040625 0.06388888888888888
0 0.3078125 0.17083333333333334 0.0375 0.06666666666666667
0 0.45234375 0.15208333333333332 0.034375 0.06805555555555555
