0 0.402734375 0.20208333333333334 0.03984375 0.0763888888888889
0 0.36328125 0.21666666666666667 0.0390625 0.08055555555555556
0 0.518359375 0.1388888888888889 0.03671875 0.075
0 0.79609375 0.2604166666666667 0.0671875 0.09305555555555556
0 0.962890625 0.40347222222222223 0.07421875 0.12083333333333333
0 0.45546875 0.10208333333333333 0.034375 0.059722222222222225
0 0.49921875 0.05416666666666667 0.03125 0.05555555555555555
0 0.466015625 0.06736111111111111 0.02734375 0.05138888888888889
0 0.43828125 0.09375 0.0359375 0.06805555555555555
0 0.4796875 0.027083333333333334 0.0265625 0.05138888888888889
0 0.50546875 0.03333333333333333 0.03125 0.05
