0 0.42109375 0.3645833333333333 0.0421875 0.0763888888888889
0 0.013671875 0.5868055555555556 0.02578125 0.09861111111111111
0 0.0625 0.4840277777777778 0.075 0.10138888888888889
0 0.12265625 0.3993055555555556 0.0578125 0.08472222222222223
0 0.258984375 0.2611111111111111 0.03984375 0.06666666666666667
0 0.351953125 0.30972222222222223 0.03984375 0.06944444444444445
0 0.390234375 0.30972222222222223 0.03828125 0.07222222222222222
0 0.78515625 0.39444444444444443 0.0421875 0.06388888888888888
0 0.9078125 0.4097222222222222 0.046875 0.06388888888888888
0 0.840625 0.5111111111111111 0.0578125 0.08055555555555556
