0 0.287890625 0.12916666666666668 0.03359375 0.06111111111111111
0 0.34765625 0.07152777777777777 0.0265625 0.04027777777777778
0 0.38515625 0.050694444444444445 0.025 0.04861111111111111
0 0.41015625 0.10208333333333333 0.0296875 0.05416666666666667
0 0.440625 0.07083333333333333 0.0265625 0.05277777777777778
0 0.43984375 0.1375 0.0328125 0.06666666666666667
0 0.64609375 0.20902777777777778 0.040625 0.0763888888888889
0 0.760546875 0.11805555555555555 0.03359375 0.058333333333333334
0 0.76484375 0.17152777777777778 0.04375 0.07083333333333333
0 0.88671875 0.14027777777777778 0.0421875 0.06388888888888888
0 0.88984375 0.31875 0.065625 0.09861111111111111
