0 0.79140625 0.24583333333333332 0.05 0.08611111111111111
0 0.566796875 0.03958333333333333 0.03359375 0.06805555555555555
0 0.452734375 0.05763888888888889 0.03359375 0.06805555555555555
0 0.2765625 0.13402777777777777 0.0421875 0.07361111111111111
0 0.8359375 0.14027777777777778 0.0453125 0.06944444444444445
0 0.92421875 0.1673611111111111 0.0484375 0.0763888888888889
0 0.891015625 0.13055555555555556 0.04453125 0.07222222222222222
0 0.860546875 0.08402777777777778 0.03828125 0.06805555555555555
0 0.82109375 0.04097222222222222 0.0375 0.0625
0 0.037890625 0.18611111111111112 0.04609375 0.06388888888888888
