0 0.665234375 0.8104166666666667 0.08828125 0.1625
0 0.675390625 0.07222222222222222 0.04453125 0.08888888888888889
0 0.605859375 0.03263888888888889 0.03359375 0.0625
0 0.27734375 0.3159722222222222 0.034375 0.05416666666666667
0 0.35390625 0.09375 0.021875 0.043055555555555555
0 0.125390625 0.4736111111111111 0.03359375 0.05
0 0.04921875 0.29930555555555555 0.0109375 0.015277777777777777
0 0.059765625 0.4013888888888889 0.02890625 0.03611111111111111
0 0.094140625 0.375 0.02421875 0.03333333333333333
0 0.154296875 0.2916666666666667 0.02421875 0.03333333333333333
0 0.286328125 0.027777777777777776 0.01171875 0.019444444444444445
