0 0.069140625 0.2604166666666667 0.03203125 0.04583333333333333
0 0.171875 0.3368055555555556 0.0375 0.04861111111111111
0 0.122265625 0.09027777777777778 0.01484375 0.022222222222222223
0 0.335546875 0.0875 0.01953125 0.03333333333333333
0 0.524609375 0.06597222222222222 0.02109375 0.043055555555555555
0 0.764453125 0.22777777777777777 0.03828125 0.06388888888888888
0 0.8578125 0.23541666666666666 0.04375 0.06527777777777778
0 0.85390625 0.20416666666666666 0.040625 0.05
0 0.903125 0.1486111111111111 0.0390625 0.05277777777777778
0 0.881640625 0.11736111111111111 0.03359375 0.05138888888888889
0 0.868359375 0.09305555555555556 0.02578125 0.04722222222222222
0 0.82578125 0.06527777777777778 0.0234375 0.027777777777777776
0 0.850390625 0.06041666666666667 0.02421875 0.02638888888888889
