0 0.358203125 0.15694444444444444 0.01171875 0.019444444444444445
0 0.50703125 0.16111111111111112 0.015625 0.030555555555555555
0 0.65625 0.22361111111111112 0.021875 0.03888888888888889
0 0.70859375 0.22152777777777777 0.021875 0.04027777777777778
0 0.708984375 0.20277777777777778 0.02109375 0.025
0 0.7453125 0.18055555555555555 0.0203125 0.03611111111111111
0 0.7359375 0.16597222222222222 0.01875 0.034722222222222224
0 0.729296875 0.15138888888888888 0.01328125 0.027777777777777776
0 0.720703125 0.13055555555555556 0.01171875 0.011111111111111112
0 0.705859375 0.13333333333333333 0.01328125 0.013888888888888888
