0 0.87109375 0.1763888888888889 0.0328125 0.05277777777777778
0 0.8875 0.1388888888888889 0.03125 0.044444444444444446
0 0.919140625 0.14166666666666666 0.03203125 0.05
0 0.923828125 0.11180555555555556 0.03046875 0.02638888888888889
0 0.955078125 0.15763888888888888 0.03671875 0.04861111111111111
0 0.961328125 0.12777777777777777 0.03359375 0.030555555555555555
0 0.58515625 0.19652777777777777 0.0234375 0.043055555555555555
0 0.64453125 0.1486111111111111 0.0203125 0.03888888888888889
0 0.2984375 0.6215277777777778 0.05 0.07916666666666666
0 0.051953125 0.5722222222222222 0.04296875 0.06111111111111111
0 0.03515625 0.35138888888888886 0.0203125 0.027777777777777776
0 0.360546875 0.2590277777777778 0.02109375 0.0375
