0 0.846875 0.06041666666666667 0.0328125 0.05694444444444444
0 0.984765625 0.07777777777777778 0.03046875 0.06388888888888888
0 0.92890625 0.04583333333333333 0.034375 0.04722222222222222
0 0.896484375 0.02638888888888889 0.03359375 0.05
0 0.865234375 0.024305555555555556 0.03046875 0.04583333333333333
0 0.9421875 0.019444444444444445 0.034375 0.03611111111111111
0 0.554296875 0.06527777777777778 0.02578125 0.05
0 0.61953125 0.02013888888888889 0.0234375 0.0375
0 0.24765625 0.5236111111111111 0.0546875 0.08055555555555556
0 0.30625 0.12222222222222222 0.0265625 0.03888888888888889
