0 0.541796875 0.56875 0.09765625 0.15416666666666667
0 0.891015625 0.7284722222222222 0.08515625 0.12361111111111112
0 0.829296875 0.425 0.06015625 0.09166666666666666
0 0.9109375 0.4756944444444444 0.0640625 0.09583333333333334
0 0.89453125 0.3923611111111111 0.059375 0.08194444444444444
0 0.871875 0.26319444444444445 0.0484375 0.07361111111111111
0 0.52109375 0.12638888888888888 0.028125 0.06111111111111111
0 0.58828125 0.15208333333333332 0.028125 0.0625
0 0.152734375 0.23125 0.03984375 0.05694444444444444
0 0.39921875 0.15208333333333332 0.03125 0.0625
