0 0.411328125 0.21666666666666667 0.02421875 0.041666666666666664
0 0.433203125 0.1875 0.02265625 0.044444444444444446
0 0.585546875 0.09791666666666667 0.02265625 0.04583333333333333
0 0.66171875 0.05763888888888889 0.0203125 0.043055555555555555
0 0.715625 0.049305555555555554 0.021875 0.04027777777777778
0 0.98046875 0.12152777777777778 0.0390625 0.07361111111111111
0 0.958203125 0.06041666666666667 0.03671875 0.05694444444444444
0 0.92265625 0.024305555555555556 0.03125 0.04583333333333333
0 0.952734375 0.02638888888888889 0.02734375 0.044444444444444446
0 0.199609375 0.2902777777777778 0.02265625 0.03611111111111111
0 0.12421875 0.3701388888888889 0.028125 0.0375
0 0.06796875 0.40694444444444444 0.028125 0.03888888888888889
0 0.0515625 0.4131944444444444 0.021875 0.034722222222222224
