0 0.123046875 0.45902777777777776 0.04140625 0.059722222222222225
0 0.238671875 0.5388888888888889 0.05078125 0.07777777777777778
0 0.101171875 0.71875 0.05703125 0.0763888888888889
0 0.05078125 0.6 0.046875 0.05555555555555555
0 0.645703125 0.63125 0.07734375 0.13472222222222222
0 0.884765625 0.73125 0.12109375 0.1736111111111111
0 0.769921875 0.9013888888888889 0.11015625 0.18333333333333332
0 0.674609375 0.13541666666666666 0.05078125 0.09861111111111111
0 0.876953125 0.3090277777777778 0.08671875 0.13472222222222222
0 0.858984375 0.20902777777777778 0.07578125 0.1125
0 0.264453125 0.022222222222222223 0.01640625 0.030555555555555555
