0 0.758984375 0.46875 0.08203125 0.13194444444444445
0 0.8640625 0.39652777777777776 0.090625 0.1375
0 0.874609375 0.2972222222222222 0.08359375 0.11388888888888889
0 0.75859375 0.8881944444444444 0.1078125 0.18472222222222223
0 0.6171875 0.7131944444444445 0.0796875 0.14027777777777778
0 0.68671875 0.17152777777777778 0.0515625 0.09305555555555556
0 0.23046875 0.525 0.0515625 0.075
0 0.09140625 0.675 0.0546875 0.075
0 0.058203125 0.5430555555555555 0.04453125 0.05555555555555555
0 0.134765625 0.42083333333333334 0.03984375 0.05555555555555555
