0 0.733984375 0.0625 0.06640625 0.12222222222222222
0 0.956640625 0.21458333333333332 0.08671875 0.1597222222222222
0 0.7953125 0.26319444444444445 0.0875 0.14583333333333334
0 0.940625 0.3701388888888889 0.11875 0.1763888888888889
0 0.731640625 0.8923611111111112 0.11015625 0.19305555555555556
0 0.616015625 0.7319444444444444 0.08515625 0.15
0 0.280859375 0.5180555555555556 0.04609375 0.06944444444444445
0 0.181640625 0.6569444444444444 0.04453125 0.06388888888888888
0 0.1546875 0.5319444444444444 0.0359375 0.05
0 0.205078125 0.4125 0.03359375 0.05
