0 0.6015625 0.48055555555555557 0.021875 0.03611111111111111
0 0.671875 0.5166666666666667 0.028125 0.04722222222222222
0 0.73671875 0.5263888888888889 0.034375 0.05555555555555555
0 0.66328125 0.48194444444444445 0.025 0.041666666666666664
0 0.691015625 0.47152777777777777 0.02734375 0.043055555555555555
0 0.68046875 0.45902777777777776 0.0234375 0.03194444444444444
0 0.415625 0.7111111111111111 0.0375 0.06388888888888888
0 0.153125 0.8388888888888889 0.0453125 0.06388888888888888
0 0.05 0.9826388888888888 0.0546875 0.034722222222222224
0 0.221484375 0.6944444444444444 0.02734375 0.05
