0 0.3515625 0.22361111111111112 0.0234375 0.041666666666666664
0 0.16328125 0.3951388888888889 0.04375 0.059722222222222225
0 0.2390625 0.31180555555555556 0.034375 0.05416666666666667
0 0.305859375 0.2604166666666667 0.02578125 0.04583333333333333
0 0.318359375 0.275 0.02890625 0.04722222222222222
0 0.346484375 0.28680555555555554 0.03046875 0.05138888888888889
0 0.6703125 0.2569444444444444 0.0296875 0.05555555555555555
0 0.61953125 0.4465277777777778 0.0453125 0.07361111111111111
0 0.875 0.40555555555555556 0.05 0.075
0 0.841796875 0.37083333333333335 0.04296875 0.06666666666666667
0 0.842578125 0.3451388888888889 0.04765625 0.059722222222222225
