0 0.788671875 0.55 0.07109375 0.10833333333333334
0 0.6578125 0.3659722222222222 0.0515625 0.08472222222222223
0 0.590625 0.3458333333333333 0.05 0.09444444444444444
0 0.688671875 0.3423611111111111 0.04140625 0.0763888888888889
0 0.521875 0.25833333333333336 0.0421875 0.08611111111111111
0 0.519140625 0.2076388888888889 0.03671875 0.0625
0 0.386328125 0.2013888888888889 0.04609375 0.08888888888888889
0 0.115625 0.19791666666666666 0.0765625 0.11805555555555555
0 0.0875 0.2388888888888889 0.0890625 0.12222222222222222
0 0.042578125 0.8208333333333333 0.08359375 0.25
