0 0.458203125 0.6284722222222222 0.08203125 0.14583333333333334
0 0.863671875 0.5715277777777777 0.08828125 0.12916666666666668
0 0.085546875 0.5444444444444444 0.08828125 0.11944444444444445
0 0.7796875 0.39305555555555555 0.0609375 0.09166666666666666
0 0.81171875 0.36180555555555555 0.053125 0.08194444444444444
0 0.671875 0.34305555555555556 0.0515625 0.08888888888888889
0 0.679296875 0.27708333333333335 0.04609375 0.07361111111111111
0 0.590234375 0.2388888888888889 0.03828125 0.07222222222222222
0 0.48203125 0.23541666666666666 0.0390625 0.0763888888888889
0 0.28203125 0.2611111111111111 0.05 0.08333333333333333
0 0.30859375 0.23333333333333334 0.0453125 0.07777777777777778
