0 0.0765625 0.2777777777777778 0.065625 0.09166666666666666
0 0.321484375 0.15694444444444444 0.03671875 0.08333333333333333
0 0.351953125 0.17430555555555555 0.04296875 0.07916666666666666
0 0.421484375 0.28541666666666665 0.05234375 0.10138888888888889
0 0.3984375 0.22916666666666666 0.046875 0.08055555555555556
0 0.476953125 0.25763888888888886 0.04453125 0.0875
0 0.5765625 0.4222222222222222 0.05625 0.1
0 0.6765625 0.42569444444444443 0.0578125 0.09583333333333334
0 0.610546875 0.3784722222222222 0.05859375 0.09861111111111111
0 0.573828125 0.31875 0.05078125 0.07916666666666666
