0 0.649609375 0.40625 0.05390625 0.09027777777777778
0 0.72109375 0.1840277777777778 0.0328125 0.05416666666666667
0 0.307421875 0.40069444444444446 0.05546875 0.08472222222222223
0 0.1375 0.44166666666666665 0.0671875 0.09722222222222222
0 0.216796875 0.2833333333333333 0.04609375 0.075
0 0.4484375 0.17569444444444443 0.0296875 0.059722222222222225
0 0.4703125 0.15208333333333332 0.0296875 0.05138888888888889
0 0.428515625 0.15347222222222223 0.02578125 0.04583333333333333
0 0.36640625 0.1597222222222222 0.03125 0.05555555555555555
0 0.33671875 0.1625 0.0296875 0.05277777777777778
