0 0.265625 0.5027777777777778 0.065625 0.09444444444444444
0 0.7234375 0.3888888888888889 0.053125 0.07777777777777778
0 0.11796875 0.4284722222222222 0.0625 0.0875
0 0.184765625 0.28888888888888886 0.04453125 0.06944444444444445
0 0.65078125 0.20277777777777778 0.0296875 0.05277777777777778
0 0.44375 0.17777777777777778 0.0265625 0.058333333333333334
0 0.413671875 0.19791666666666666 0.02890625 0.05138888888888889
0 0.40078125 0.17708333333333334 0.0234375 0.0375
0 0.344921875 0.1840277777777778 0.02890625 0.05138888888888889
0 0.316796875 0.18333333333333332 0.02890625 0.05277777777777778
