0 0.92421875 0.40625 0.0625 0.08194444444444444
0 0.534375 0.4326388888888889 0.0453125 0.08472222222222223
0 0.257421875 0.4215277777777778 0.05078125 0.08194444444444444
0 0.120703125 0.3368055555555556 0.04609375 0.06805555555555555
0 0.60859375 0.19583333333333333 0.0265625 0.04722222222222222
0 0.3921875 0.225 0.0296875 0.05555555555555555
0 0.25390625 0.21875 0.028125 0.05138888888888889
0 0.283203125 0.21319444444444444 0.03359375 0.05138888888888889
0 0.325 0.21388888888888888 0.0265625 0.04722222222222222
0 0.345703125 0.2298611111111111 0.03515625 0.05694444444444444
0 0.37734375 0.19930555555555557 0.025 0.04861111111111111
