0 0.123046875 0.18680555555555556 0.05234375 0.08194444444444444
0 0.2 0.07430555555555556 0.0296875 0.05694444444444444
0 0.282421875 0.07569444444444444 0.03828125 0.06527777777777778
0 0.5265625 0.1840277777777778 0.0375 0.07361111111111111
0 0.6 0.2833333333333333 0.046875 0.08888888888888889
0 0.778515625 0.3013888888888889 0.05078125 0.07777777777777778
0 0.9875 0.4 0.025 0.08611111111111111
0 0.687890625 0.16180555555555556 0.03671875 0.07083333333333333
0 0.79375 0.17430555555555555 0.0390625 0.0625
0 0.675390625 0.1 0.03203125 0.05
0 0.770703125 0.09930555555555555 0.03203125 0.05416666666666667
