0 0.018359375 0.5569444444444445 0.03515625 0.08333333333333333
0 0.102734375 0.5979166666666667 0.07109375 0.09305555555555556
0 0.16953125 0.35138888888888886 0.028125 0.05277777777777778
0 0.2375 0.3527777777777778 0.0390625 0.05555555555555555
0 0.43125 0.525 0.0515625 0.08333333333333333
0 0.564453125 0.5583333333333333 0.05859375 0.09722222222222222
0 0.6609375 0.44722222222222224 0.046875 0.08333333333333333
0 0.791015625 0.4465277777777778 0.05546875 0.08472222222222223
0 0.661328125 0.35 0.03671875 0.06666666666666667
0 0.794921875 0.33194444444444443 0.04453125 0.06666666666666667
