0 0.24140625 0.14027777777777778 0.03125 0.05
0 0.26875 0.15625 0.0390625 0.06527777777777778
0 0.35703125 0.17708333333333334 0.0390625 0.07361111111111111
0 0.4234375 0.07569444444444444 0.0296875 0.05138888888888889
0 0.765625 0.3104166666666667 0.0578125 0.09583333333333334
0 0.983984375 0.46111111111111114 0.03203125 0.1111111111111111
0 0.546484375 0.30694444444444446 0.05234375 0.1
0 0.533984375 0.26875 0.04765625 0.08472222222222223
0 0.41953125 0.2604166666666667 0.046875 0.08472222222222223
0 0.315625 0.2263888888888889 0.046875 0.08055555555555556
0 0.302734375 0.40902777777777777 0.11484375 0.2013888888888889
