0 0.462109375 0.35694444444444445 0.05703125 0.09166666666666666
0 0.154296875 0.22430555555555556 0.05703125 0.08472222222222223
0 0.523828125 0.26319444444444445 0.04765625 0.09027777777777778
0 0.769921875 0.06388888888888888 0.03359375 0.06111111111111111
0 0.662890625 0.059722222222222225 0.03203125 0.06111111111111111
0 0.572265625 0.13125 0.03828125 0.07361111111111111
0 0.545703125 0.11180555555555556 0.03359375 0.07083333333333333
0 0.364453125 0.19305555555555556 0.04609375 0.08333333333333333
0 0.348828125 0.12083333333333333 0.04296875 0.075
0 0.135546875 0.19583333333333333 0.05234375 0.07777777777777778
