0 0.48515625 0.34097222222222223 0.0484375 0.07916666666666666
0 0.539453125 0.275 0.04140625 0.075
0 0.757421875 0.12569444444444444 0.03046875 0.05138888888888889
0 0.66015625 0.1284722222222222 0.0296875 0.05694444444444444
0 0.401171875 0.2263888888888889 0.04140625 0.07222222222222222
0 0.582421875 0.18055555555555555 0.03515625 0.06388888888888888
0 0.556640625 0.16597222222222222 0.02890625 0.059722222222222225
0 0.3859375 0.1736111111111111 0.0359375 0.058333333333333334
0 0.21484375 0.24375 0.046875 0.07361111111111111
0 0.1984375 0.22361111111111112 0.0390625 0.06666666666666667
0 0.291796875 0.10277777777777777 0.02734375 0.04722222222222222
