0 0.462890625 0.5569444444444445 0.07890625 0.12222222222222222
0 0.565625 0.4465277777777778 0.0625 0.1125
0 0.6453125 0.3104166666666667 0.0453125 0.07916666666666666
0 0.75859375 0.24513888888888888 0.0390625 0.06805555555555555
0 0.898828125 0.24861111111111112 0.04609375 0.06944444444444445
0 0.61484375 0.2875 0.04375 0.075
0 0.4 0.3548611111111111 0.05 0.0875
0 0.4046875 0.28680555555555554 0.040625 0.059722222222222225
0 0.20078125 0.3590277777777778 0.0546875 0.08194444444444444
0 0.197265625 0.3333333333333333 0.05078125 0.06944444444444445
