0 0.2734375 0.5777777777777777 0.0890625 0.125
0 0.426171875 0.49027777777777776 0.06640625 0.11388888888888889
0 0.57578125 0.36527777777777776 0.0484375 0.08611111111111111
0 0.557421875 0.3375 0.04453125 0.07222222222222222
0 0.73203125 0.31666666666666665 0.04375 0.06944444444444445
0 0.903125 0.34652777777777777 0.05625 0.07916666666666666
0 0.325 0.36875 0.0515625 0.08472222222222223
0 0.16796875 0.3416666666666667 0.0515625 0.075
0 0.17421875 0.32083333333333336 0.0453125 0.07222222222222222
0 0.361328125 0.30625 0.03984375 0.06527777777777778
0 0.34140625 0.21944444444444444 0.021875 0.03611111111111111
