0 0.09140625 0.6645833333333333 0.1390625 0.19027777777777777
0 0.13828125 0.30694444444444446 0.0796875 0.06666666666666667
0 0.140625 0.36666666666666664 0.084375 0.11666666666666667
0 0.19296875 0.16666666666666666 0.0375 0.06944444444444445
0 0.223046875 0.1625 0.03046875 0.06944444444444445
0 0.2671875 0.17222222222222222 0.04375 0.05277777777777778
0 0.266015625 0.21041666666666667 0.04609375 0.0763888888888889
0 0.6171875 0.2076388888888889 0.0390625 0.07916666666666666
0 0.6546875 0.2222222222222222 0.040625 0.075
0 0.693359375 0.16041666666666668 0.03203125 0.059722222222222225
0 0.77890625 0.15555555555555556 0.03125 0.05555555555555555
