0 0.384375 0.15347222222222223 0.0171875 0.034722222222222224
0 0.401171875 0.14791666666666667 0.01484375 0.03194444444444444
0 0.4125 0.16944444444444445 0.01875 0.022222222222222223
0 0.426171875 0.18680555555555556 0.02265625 0.04583333333333333
0 0.43203125 0.15625 0.01875 0.034722222222222224
0 0.429296875 0.14305555555555555 0.01640625 0.025
0 0.4609375 0.20902777777777778 0.025 0.04861111111111111
0 0.596484375 0.13402777777777777 0.01796875 0.034722222222222224
0 0.614453125 0.13472222222222222 0.01953125 0.03888888888888889
0 0.63828125 0.11597222222222223 0.015625 0.03194444444444444
0 0.68828125 0.10555555555555556 0.0171875 0.030555555555555555
