0 0.184375 0.19305555555555556 0.0390625 0.058333333333333334
0 0.21640625 0.13819444444444445 0.0328125 0.05138888888888889
0 0.21953125 0.12083333333333333 0.0328125 0.041666666666666664
0 0.2921875 0.08402777777777778 0.025 0.04583333333333333
0 0.271875 0.06527777777777778 0.01875 0.03888888888888889
0 0.2875 0.05416666666666667 0.015625 0.019444444444444445
0 0.305078125 0.07222222222222222 0.02109375 0.03888888888888889
0 0.48125 0.08263888888888889 0.021875 0.04861111111111111
0 0.497265625 0.09166666666666666 0.02578125 0.05
0 0.579296875 0.05763888888888889 0.02109375 0.04583333333333333
0 0.665625 0.05347222222222222 0.0234375 0.04583333333333333
