0 0.233984375 0.24444444444444444 0.03984375 0.06388888888888888
0 0.235546875 0.15902777777777777 0.03203125 0.04583333333333333
0 0.303125 0.08402777777777778 0.021875 0.04027777777777778
0 0.392578125 0.13055555555555556 0.02734375 0.05
0 0.451953125 0.09236111111111112 0.02109375 0.0375
0 0.474609375 0.07013888888888889 0.02265625 0.04583333333333333
0 0.49765625 0.06597222222222222 0.021875 0.04583333333333333
0 0.528125 0.10416666666666667 0.0234375 0.05277777777777778
0 0.550390625 0.1125 0.02734375 0.05277777777777778
0 0.62421875 0.07152777777777777 0.0234375 0.04583333333333333
0 0.71171875 0.06388888888888888 0.025 0.04722222222222222
