0 0.238671875 0.25625 0.03359375 0.05416666666666667
0 0.3859375 0.35833333333333334 0.0484375 0.08333333333333333
0 0.328125 0.18888888888888888 0.0234375 0.041666666666666664
0 0.440625 0.25763888888888886 0.0359375 0.06527777777777778
0 0.494140625 0.23055555555555557 0.03515625 0.041666666666666664
0 0.58203125 0.2548611111111111 0.0390625 0.05138888888888889
0 0.59140625 0.22430555555555556 0.03125 0.05416666666666667
0 0.66796875 0.17430555555555555 0.0265625 0.05138888888888889
0 0.684375 0.2048611111111111 0.0328125 0.0625
0 0.771875 0.16944444444444445 0.03125 0.05555555555555555
0 0.791015625 0.2777777777777778 0.05234375 0.08611111111111111
