0 0.280078125 0.3020833333333333 0.03046875 0.05694444444444444
0 0.3296875 0.24513888888888888 0.0203125 0.0375
0 0.5140625 0.3798611111111111 0.0359375 0.06805555555555555
0 0.51171875 0.30416666666666664 0.0296875 0.05555555555555555
0 0.5296875 0.28680555555555554 0.0265625 0.04861111111111111
0 0.6046875 0.2659722222222222 0.025 0.02361111111111111
0 0.61171875 0.29791666666666666 0.0296875 0.04861111111111111
0 0.637109375 0.2388888888888889 0.02109375 0.03888888888888889
0 0.66015625 0.25833333333333336 0.0234375 0.044444444444444446
0 0.7078125 0.23472222222222222 0.021875 0.03888888888888889
0 0.75703125 0.30069444444444443 0.034375 0.05138888888888889
