0 0.37890625 0.2569444444444444 0.0265625 0.05
0 0.416015625 0.21180555555555555 0.02109375 0.03194444444444444
0 0.44375 0.19305555555555556 0.0203125 0.03611111111111111
0 0.485546875 0.225 0.02421875 0.04722222222222222
0 0.490625 0.1951388888888889 0.0203125 0.03194444444444444
0 0.519140625 0.24097222222222223 0.02578125 0.05138888888888889
0 0.70390625 0.2659722222222222 0.0375 0.0625
0 0.792578125 0.23055555555555557 0.03671875 0.058333333333333334
0 0.7765625 0.19027777777777777 0.0296875 0.05
0 0.887109375 0.18888888888888888 0.03203125 0.05555555555555555
0 0.91875 0.3076388888888889 0.0546875 0.07916666666666666
