0 0.2515625 0.32916666666666666 0.034375 0.05555555555555555
0 0.3578125 0.24305555555555555 0.021875 0.03888888888888889
0 0.40546875 0.25763888888888886 0.025 0.043055555555555555
0 0.36953125 0.28958333333333336 0.028125 0.04861111111111111
0 0.390625 0.31805555555555554 0.03125 0.05555555555555555
0 0.317578125 0.2701388888888889 0.02578125 0.04027777777777778
0 0.575390625 0.3729166666666667 0.04296875 0.0763888888888889
0 0.70234375 0.3173611111111111 0.040625 0.06805555555555555
0 0.704296875 0.25763888888888886 0.03203125 0.04583333333333333
0 0.834765625 0.4618055555555556 0.06953125 0.10138888888888889
0 0.8375 0.26180555555555557 0.0390625 0.06527777777777778
