0 0.496875 0.2847222222222222 0.0421875 0.08055555555555556
0 0.603515625 0.13680555555555557 0.03046875 0.0625
0 0.610546875 0.20416666666666666 0.03671875 0.06666666666666667
0 0.719921875 0.12777777777777777 0.03359375 0.06388888888888888
0 0.72734375 0.34930555555555554 0.0515625 0.09027777777777778
0 0.08828125 0.2826388888888889 0.046875 0.07083333333333333
0 0.1609375 0.1798611111111111 0.0359375 0.05138888888888889
0 0.20703125 0.13472222222222222 0.03125 0.05277777777777778
0 0.236328125 0.2048611111111111 0.03515625 0.059722222222222225
0 0.27109375 0.24583333333333332 0.0421875 0.06944444444444445
0 0.270703125 0.14930555555555555 0.03203125 0.05694444444444444
