0 0.1375 0.1986111111111111 0.046875 0.075
0 0.18359375 0.10972222222222222 0.0375 0.041666666666666664
0 0.2203125 0.0798611111111111 0.03125 0.05416666666666667
0 0.284765625 0.12638888888888888 0.03359375 0.06111111111111111
0 0.30234375 0.08541666666666667 0.03125 0.05694444444444444
0 0.34453125 0.15208333333333332 0.040625 0.07083333333333333
0 0.575 0.16527777777777777 0.0375 0.075
0 0.62109375 0.07013888888888889 0.025 0.05416666666666667
0 0.64453125 0.11180555555555556 0.03125 0.06527777777777778
0 0.708984375 0.06388888888888888 0.02890625 0.05
0 0.766796875 0.19236111111111112 0.04296875 0.07361111111111111
