0 0.59453125 0.4465277777777778 0.0328125 0.05694444444444444
0 0.651953125 0.3770833333333333 0.02265625 0.043055555555555555
0 0.666796875 0.4201388888888889 0.02890625 0.04861111111111111
0 0.733984375 0.3951388888888889 0.02578125 0.04027777777777778
0 0.7703125 0.53125 0.040625 0.06527777777777778
0 0.237890625 0.34097222222222223 0.03671875 0.05694444444444444
0 0.290234375 0.29305555555555557 0.02734375 0.041666666666666664
0 0.325390625 0.27569444444444446 0.02421875 0.04027777777777778
0 0.36484375 0.3298611111111111 0.0265625 0.04583333333333333
0 0.387109375 0.30625 0.02421875 0.043055555555555555
0 0.40546875 0.37222222222222223 0.0296875 0.05555555555555555
