0 0.601953125 0.19236111111111112 0.02421875 0.04583333333333333
0 0.59453125 0.28194444444444444 0.034375 0.06388888888888888
0 0.636328125 0.2326388888888889 0.02890625 0.05138888888888889
0 0.672265625 0.19027777777777777 0.02265625 0.03888888888888889
0 0.759375 0.3020833333333333 0.0359375 0.05138888888888889
0 0.109375 0.30625 0.0609375 0.08472222222222223
0 0.14921875 0.20416666666666666 0.046875 0.04722222222222222
0 0.184375 0.175 0.034375 0.058333333333333334
0 0.2796875 0.23055555555555557 0.0359375 0.06388888888888888
0 0.2875 0.18541666666666667 0.034375 0.05416666666666667
0 0.359375 0.26319444444444445 0.0421875 0.07083333333333333
