0 0.18203125 0.3541666666666667 0.065625 0.09722222222222222
0 0.181640625 0.2548611111111111 0.04453125 0.05694444444444444
0 0.20859375 0.2222222222222222 0.0421875 0.06388888888888888
0 0.331640625 0.23819444444444443 0.03359375 0.05138888888888889
0 0.344140625 0.2826388888888889 0.03828125 0.07083333333333333
0 0.44375 0.3076388888888889 0.0390625 0.05138888888888889
0 0.61953125 0.25625 0.021875 0.0375
0 0.65546875 0.3326388888888889 0.034375 0.05694444444444444
0 0.672265625 0.25416666666666665 0.02109375 0.03611111111111111
0 0.663671875 0.28680555555555554 0.02734375 0.043055555555555555
0 0.783203125 0.35 0.03359375 0.04722222222222222
