0 0.37812500000000004 0.22916666666666666 0.19375 0.2625
0 0.58984375 0.309375 0.1796875 0.24375
0 0.44140625 0.39791666666666664 0.15781250000000002 0.2
0 0.36171875000000003 0.6229166666666667 0.11093750000000001 0.1375
0 0.38828125 0.7010416666666667 0.0921875 0.11458333333333333
0 0.48125 0.7322916666666667 0.08750000000000001 0.11875
1 0.296875 0.43333333333333335 0.15937500000000002 0.2
1 0.31796875 0.5541666666666667 0.1203125 0.11666666666666667
1 0.46171875 0.5385416666666667 0.1296875 0.16041666666666665
1 0.7351562500000001 0.48333333333333334 0.1484375 0.1875
