0 0.39687500000000003 0.21562499999999998 0.19687500000000002 0.26875
0 0.57265625 0.303125 0.1765625 0.24375
0 0.45078125 0.4479166666666667 0.1453125 0.19166666666666665
0 0.34687500000000004 0.6520833333333333 0.109375 0.12083333333333333
0 0.39140625 0.696875 0.0921875 0.12291666666666666
0 0.48750000000000004 0.7291666666666666 0.08750000000000001 0.11666666666666667
1 0.29140625000000003 0.4114583333333333 0.16718750000000002 0.21041666666666667
1 0.34765625 0.5489583333333333 0.1265625 0.13958333333333334
1 0.48828125 0.59375 0.1203125 0.15416666666666667
1 0.6140625000000001 0.4770833333333333 0.14375000000000002 0.18333333333333332
