0 0.22734375 0.06979166666666667 0.2640625 0.13541666666666666
0 0.48671875 0.6177083333333333 0.1234375 0.16875
0 0.115625 0.6666666666666666 0.1375 0.15833333333333333
0 0.1671875 0.8302083333333333 0.078125 0.11041666666666666
0 0.27734375 0.7989583333333333 0.1015625 0.06041666666666667
0 0.3015625 0.8645833333333334 0.090625 0.0875
1 0.2625 0.709375 0.103125 0.12291666666666666
1 0.21328125 0.8041666666666667 0.0828125 0.1125
1 0.81171875 0.53125 0.1640625 0.20416666666666666
2 0.55546875 0.7385416666666667 0.4953125 0.30625
