0 0.4953125 0.18958333333333333 0.203125 0.2875
0 0.7234375 0.6072916666666667 0.121875 0.15625
0 0.3421875 0.5520833333333334 0.13125 0.15833333333333333
0 0.45234375 0.7010416666666667 0.0890625 0.11875
0 0.56875 0.7822916666666667 0.090625 0.04791666666666667
0 0.58671875 0.8229166666666666 0.0765625 0.0625
0 0.49921875 0.8052083333333333 0.0484375 0.09791666666666667
1 0.46171875 0.7854166666666667 0.0734375 0.075
1 0.54765625 0.7114583333333333 0.0828125 0.11458333333333333
2 0.78359375 0.684375 0.4296875 0.2520833333333333
