1 0.6859375000000001 0.3770833333333333 0.16875 0.22083333333333333
0 0.45234375000000004 0.4875 0.13593750000000002 0.18333333333333332
0 0.2390625 0.5572916666666666 0.12812500000000002 0.16458333333333333
0 0.359375 0.5572916666666666 0.12187500000000001 0.16458333333333333
0 0.52578125 0.5614583333333333 0.1203125 0.16458333333333333
1 0.64609375 0.5885416666666666 0.1203125 0.16041666666666665
1 0.5046875000000001 0.6520833333333333 0.1125 0.12083333333333333
1 0.60703125 0.6677083333333333 0.09843750000000001 0.11875
0 0.721875 0.675 0.10312500000000001 0.1375
0 0.84140625 0.6927083333333334 0.1078125 0.13958333333333334
0 0.96015625 0.6604166666666667 0.0734375 0.14583333333333334
