1 0.32578125 0.3770833333333333 0.1703125 0.22083333333333333
1 0.48671875 0.578125 0.1234375 0.16041666666666668
1 0.50859375 0.6822916666666666 0.1078125 0.08958333333333333
1 0.39453125 0.6895833333333333 0.1203125 0.07083333333333333
0 0.1328125 0.6197916666666666 0.109375 0.14375
0 0.24453125 0.5354166666666667 0.1328125 0.1625
0 0.24375 0.640625 0.1375 0.10625
0 0.3625 0.5770833333333333 0.1125 0.15
0 0.63359375 0.6427083333333333 0.1046875 0.14375
0 0.7765625 0.646875 0.109375 0.15208333333333332
0 0.9109375 0.575 0.146875 0.17083333333333334
